1	0	979050641	1	745834701	2	379199051	3	545308161	4	517392471	5	404432291	6	1291219071	7	0	8	137916671	9	296590812
2	0	1496462962	1	1287174812	2	401262682	3	1366292722	4	172898712	5	475626232	6	899501602	7	0	8	777546562	9	638024973
3	0	1435384313	1	2371644334	2	840910593	3	1021285223	4	187367433	5	406419753	6	823422843	7	0	8	1113187243	9	441531314
4	0	1533282134	1	1470929884	2	951771044	3	1382892954	4	256001864	5	408762274	6	550007484	7	0	8	590532574	9	239602995
5	0	1213261525	1	1262760295	2	703310355	3	648109175	4	1864584075	5	365481185	6	333698845	7	0	8	444231305	9	204317686
6	0	1648985306	1	1088298656	2	492450086	3	947760606	4	1095919986	5	381581166	6	89597556	7	0	8	484506486	9	414429637
7	0	2120094397	1	1127862377	2	1575981407	3	1212906577	4	1619760277	5	361271887	6	610858907	7	0	8	1195631187	9	131618308
8	0	2120624438	1	1518325368	2	2499565318	3	1193340538	4	1871946078	5	452693938	6	604482678	7	0	8	403889598	9	591810979
9	0	1964825389	1	759716509	2	1235025549	3	453932989	4	1666128479	5	392907119	6	607890109	7	0	8	1389956999	9	8276610910
10	0	25862960110	1	5949046910	2	17794734110	3	2638947410	4	14822967710	5	3275996010	6	10774029510	7	0	8	1375277710	9	3504919911
11	0	25326701211	1	7038767611	2	9587023411	3	9785587711	4	3619937411	5	4229934411	6	8115697911	7	0	8	11581398111	9	12335004412
12	0	23285137712	1	12117391312	2	5050122512	3	6318571712	4	4079884412	5	3434037312	6	4080192112	7	0	8	1387017012	9	4684339013
13	0	23769656813	1	25909152813	2	6718190713	3	7518588013	4	5707919613	5	4703926813	6	5420513513	7	0	8	2545164713	9	8319130114
14	0	43004996014	1	8784511614	2	8885863014	3	10178097614	4	3871199814	5	5079532114	6	1690612514	7	0	8	3306646214	9	3628554514
15	0	33535041814	1	11725414414	2	232935614	3	5313025214	4	171667914	5	4632325514	6	3448717414	7	0	8	693614714	9	21094568
1	0	5011666821	1	835674621	2	25412611	3	1676229471	4	541564211	5	599048631	6	37459041	7	0	8	220088201	9	1022238122
2	0	2903336482	1	2536626162	2	55260042	3	1408964902	4	577941752	5	397796112	6	963796892	7	0	8	109069172	9	183734913
3	0	3113604833	1	2176037693	2	648587193	3	222679583	4	664176383	5	439517063	6	1364785043	7	0	8	224215963	9	247962184
4	0	3324070674	1	1514453294	2	35914254	3	1349788344	4	1374599634	5	451856294	6	633192044	7	0	8	522098054	9	269918885
5	0	5137613605	1	1497559385	2	141180065	3	704530205	4	703488295	5	447392515	6	179392975	7	0	8	70829105	9	260687306
6	0	2965343026	1	3150965126	2	207777646	3	1660495726	4	313925196	5	563390276	6	268142766	7	0	8	110884666	9	180856397
7	0	2524298897	1	2090375777	2	74305777	3	2281233297	4	811189367	5	551381737	6	795247167	7	0	8	816822097	9	32601938
8	0	3493971918	1	1835482358	2	52152758	3	1771943928	4	4839788208	5	626856128	6	441462398	7	0	8	553329738	9	294723339
9	0	3295596729	1	1443044999	2	3130163359	3	1819505389	4	1542876999	5	646800239	6	246973109	7	0	8	509383619	9	1163148110
10	0	23136015910	1	13574455310	2	18827409110	3	7754625010	4	18660978210	5	3942404510	6	2550723210	7	0	8	4103616010	9	6923208811
11	0	24217773811	1	18123747011	2	828234411	3	7442342711	4	10367123711	5	5258295911	6	3235211011	7	0	8	15871812311	9	11014819712
12	0	39655666912	1	13377830812	2	1978881412	3	9154771612	4	25061638412	5	5640295312	6	2099016212	7	0	8	16016072612	9	5147322313
13	0	32689785513	1	18964216113	2	6152360013	3	23598408213	4	8740355113	5	5415796213	6	3871287613	7	0	8	18657879513	9	436767314
14	0	38353077714	1	17795473114	2	3316179114	3	11825647814	4	243101714	5	3764538114	6	6061071314	7	0	8	8415207114	9	1515383414
15	0	16521770114	1	12794235814	2	1835257814	3	5243356614	4	1267118514	5	3727189714	6	66214514	7	0	8	7004909214	9	12892666
1	0	2324962661	1	2222886021	2	755063841	3	891105401	4	553774971	5	396137201	6	52256981	7	0	8	909731001	9	335735482
2	0	2275105902	1	2159526872	2	41247152	3	1595747572	4	624141752	5	524708772	6	225141692	7	0	8	737947492	9	1513669373
3	0	2257979883	1	2921732083	2	1192292673	3	923114443	4	204490563	5	527949383	6	1521449653	7	0	8	689818173	9	526604014
4	0	3531239884	1	1596054604	2	542303774	3	1056240254	4	251308684	5	497271274	6	1053538094	7	0	8	673042744	9	240247325
5	0	3452719035	1	3272406495	2	3720732525	3	1608074455	4	494320875	5	555799135	6	686249095	7	0	8	269410225	9	499154536
6	0	3313603976	1	3059329526	2	1842726016	3	1365041806	4	890486146	5	628033896	6	753761196	7	0	8	94120856	9	1199659567
7	0	3800858077	1	1769439437	2	1499309847	3	1414472947	4	1127052537	5	577983747	6	1148912687	7	0	8	273926407	9	929172708
8	0	3594671628	1	1139890638	2	1199018488	3	1689364098	4	403468138	5	516156308	6	821594908	7	0	8	430269808	9	885337739
9	0	3483220179	1	475311369	2	1857686969	3	803391959	4	826685699	5	471421819	6	2971774259	7	0	8	735899819	9	11067039310
10	0	33439549610	1	14568450510	2	20651911910	3	8915705210	4	7933028310	5	3942097110	6	9276267810	7	0	8	1268422910	9	12149111511
11	0	28074736211	1	14047157811	2	23689084711	3	10203813511	4	11560837711	5	6093687111	6	4790144811	7	0	8	1029943411	9	9280513112
12	0	55781857012	1	15563636712	2	10214039912	3	10413400412	4	16347161412	5	5479947312	6	10534592812	7	0	8	1618371912	9	10347777113
13	0	34019027313	1	17752209413	2	17499832313	3	15709174013	4	18248745613	5	9140280413	6	1417938613	7	0	8	4646760813	9	9176575014
14	0	25669012114	1	14418134914	2	20687373614	3	21271045414	4	19215350414	5	6750193014	6	510334714	7	0	8	4269399914	9	7634960714
15	0	18479015114	1	11393504914	2	2492958314	3	21131055914	4	14948027114	5	3774584114	6	1624424714	7	0	8	713162914	9	36442946
1	0	2427864051	1	2652009481	2	1712821621	3	1051767131	4	1144334551	5	444736951	6	1249283081	7	0	8	163250061	9	826436982
2	0	5221398102	1	1761022822	2	774854212	3	938588312	4	1249680432	5	648987622	6	84569622	7	0	8	184076782	9	1450658433
3	0	3830732143	1	1537588353	2	923832523	3	1465933643	4	1734282943	5	540139963	6	150072933	7	0	8	235533863	9	1417603264
4	0	2090774524	1	2315316934	2	750559484	3	2172818634	4	700284684	5	607232754	6	618183574	7	0	8	189787774	9	1165336815
5	0	3275415255	1	2607092365	2	1598180335	3	3211939915	4	1604455315	5	728367095	6	185337935	7	0	8	227480665	9	489672186
6	0	4701073146	1	3115930426	2	1822926846	3	1189329626	4	576366556	5	598455896	6	497820746	7	0	8	371792666	9	913139527
7	0	4944227817	1	1749314437	2	378674457	3	1506593127	4	660054207	5	541257317	6	578111007	7	0	8	25315667	9	1894857018
8	0	4129886278	1	3108171528	2	698706938	3	669976268	4	566836288	5	512110268	6	952317948	7	0	8	117446418	9	977237709
9	0	2968995709	1	1822881039	2	1809232629	3	1703698159	4	1616720679	5	674617929	6	395603159	7	0	8	255909999	9	15396897610
10	0	39001792210	1	12541936710	2	15545740010	3	18044846910	4	12589848810	5	7818049010	6	6026783710	7	0	8	1023520110	9	16317834011
11	0	40082723211	1	10965747211	2	19700713611	3	26533268611	4	10610480811	5	5273365111	6	6113331211	7	0	8	2211617811	9	23175358712
12	0	26791965212	1	24090900312	2	15828925012	3	20390781412	4	7546058812	5	5374979312	6	9137803012	7	0	8	1573353212	9	30328321713
13	0	58145035413	1	6587059113	2	43832823713	3	9759815813	4	20414404013	5	6211213613	6	3088431613	7	0	8	378694013	9	23005104614
14	0	40569477714	1	42667611614	2	55594605514	3	20188266614	4	5167020914	5	5527528914	6	3954330614	7	0	8	2311989014	9	17211626214
15	0	39376126314	1	24019951414	2	42129000814	3	10869711814	4	2362522314	5	5255153814	6	893178414	7	0	8	2261436914	9	136101325
1	0	3917266751	1	3604553851	2	6515757211	3	1182058631	4	254059951	5	612020771	6	213239081	7	0	8	580103551	9	1353622972
2	0	5689375642	1	2116084032	2	5122951212	3	1182991172	4	890577822	5	452034142	6	961168962	7	0	8	326006972	9	709046253
3	0	3779945793	1	1565975953	2	5908602503	3	2037796423	4	850795633	5	667757593	6	284091823	7	0	8	804252943	9	985438164
4	0	3368922744	1	844710694	2	11050281854	3	1284459554	4	252369424	5	381945734	6	99969744	7	0	8	388681994	9	877310715
5	0	1889664605	1	2034079965	2	8715539515	3	863597735	4	485357105	5	458288485	6	60141165	7	0	8	330817215	9	390651796
6	0	2672093806	1	2092056786	2	3457577596	3	2453402296	4	426730176	5	678390406	6	178450466	7	0	8	236843256	9	30994767
7	0	3752229007	1	3057000767	2	3134356227	3	1387225427	4	185554307	5	580938227	6	440962097	7	0	8	159247277	9	327522128
8	0	3468106078	1	1945733728	2	2427996568	3	1204426788	4	1213738568	5	690360628	6	550580598	7	0	8	293511008	9	751637229
9	0	2402669149	1	2005436919	2	6640231359	3	1342719249	4	517884159	5	895571459	6	331994629	7	0	8	170087579	9	3866813910
10	0	27791377310	1	27490942110	2	71002894810	3	7981718010	4	5256022710	5	7147630010	6	901096210	7	0	8	526706410	9	5430730011
11	0	14676055311	1	26206977111	2	71516139211	3	5332649411	4	6847810411	5	5197138711	6	2627997811	7	0	8	3762081211	9	6488274012
12	0	11626228912	1	17884730412	2	46754647112	3	7931927312	4	3720794812	5	4544771312	6	147812	7	0	8	3362484612	9	1850523113
13	0	16577561813	1	15740482813	2	16157082613	3	8686052813	4	1773867913	5	6194883213	6	7740770413	7	0	8	356964713	9	9082387514
14	0	13277606714	1	12088652714	2	16333891314	3	5400399214	4	4000557314	5	3694936214	6	13635675514	7	0	8	1094242814	9	3821148314
15	0	16926587714	1	10901509814	2	16710018214	3	4589230414	4	2770173114	5	3298054414	6	3292614714	7	0	8	1411793114	9	69850695
1	0	1588628721	1	1071937101	2	1458761641	3	861745521	4	250667551	5	351110361	6	167534531	7	0	8	69032121	9	512915362
2	0	1548397482	1	1925135872	2	1530891272	3	554446132	4	697580752	5	498531742	6	168666402	7	0	8	112867842	9	257118113
3	0	1109345973	1	1278965723	2	3393441373	3	177769453	4	674333503	5	416343653	6	213051273	7	0	8	100227393	9	175132714
4	0	2319496954	1	1649269444	2	3051548264	3	110090414	4	266124534	5	463405684	6	208532714	7	0	8	87642564	9	796000845
5	0	1465012415	1	1850243045	2	4578966745	3	1242217005	4	341143385	5	298503085	6	440886295	7	0	8	158392845	9	905567896
6	0	1851556246	1	2055924646	2	6962129806	3	498794836	4	163609436	5	309771666	6	1056190666	7	0	8	150326086	9	871012437
7	0	2466850837	1	1843689467	2	2896988427	3	700206967	4	775818437	5	297270847	6	409558457	7	0	8	149257087	9	243881928
8	0	1644841848	1	1034750568	2	5868028568	3	234593438	4	638395648	5	244257978	6	241002488	7	0	8	35350318	9	669891139
9	0	887694379	1	2628300779	2	7657474339	3	509867519	4	840678259	5	408075779	6	321100729	7	0	8	103197659	9	4459897210
10	0	11168294810	1	19581211310	2	36604338410	3	6598383410	4	14086082710	5	4963267110	6	8583451510	7	0	8	2538106610	9	5756196411
11	0	16293658311	1	28114481111	2	32091949911	3	678710811	4	19624631211	5	4860778511	6	18649159611	7	0	8	4800067711	9	1725282112
12	0	16651047612	1	26670428112	2	35978660712	3	3800529912	4	10483423112	5	3921825812	6	9497056212	7	0	8	5335808712	9	8726683113
13	0	6659049613	1	32049676613	2	35530636513	3	4081322613	4	1634433513	5	3506525513	6	8366242013	7	0	8	2841734013	9	5905311014
14	0	5760221214	1	16518537014	2	22655227614	3	7953304014	4	9813272714	5	5264221814	6	1281900914	7	0	8	1933086314	9	2005236114
15	0	20735362114	1	10657263314	2	35297810114	3	997983014	4	32707959714	5	3794424614	6	1675982914	7	0	8	1230132314	9	13201117
1	0	1915204711	1	1590860581	2	6824354631	3	649231041	4	736173701	5	781259811	6	429989781	7	0	8	253486001	9	334846922
2	0	2141142992	1	1550967422	2	6047467332	3	800355132	4	1161491332	5	388949832	6	1012423642	7	0	8	228065772	9	410313133
3	0	3758037813	1	1923505523	2	1805315403	3	222137693	4	855091653	5	557254403	6	480878843	7	0	8	153315533	9	1701222024
4	0	2513022184	1	1494638264	2	2325177734	3	759781844	4	829819724	5	756346874	6	1161718444	7	0	8	66168514	9	1372261815
5	0	2455402445	1	1589670875	2	981709825	3	449693585	4	732432905	5	395736575	6	1851012685	7	0	8	382909335	9	1121537006
6	0	1927730076	1	2292924126	2	357748036	3	354712506	4	958325806	5	607257896	6	1253458016	7	0	8	204521136	9	937792577
7	0	2894891027	1	2053520187	2	1974145347	3	1095875907	4	1084385147	5	451552517	6	249141397	7	0	8	206560297	9	1401560878
8	0	3426841908	1	2320112338	2	2061982698	3	1070184448	4	1246652558	5	551165998	6	105137908	7	0	8	485945928	9	1061652759
9	0	3227224569	1	3024281999	2	941296519	3	684142289	4	748423689	5	488064909	6	131609759	7	0	8	92002369	9	9248201610
10	0	32552858610	1	26807648210	2	1277624510	3	5503681110	4	13579203910	5	5025811810	6	10548377610	7	0	8	8249500310	9	811185711
11	0	44001410811	1	24070286011	2	130126311	3	8056642811	4	8992948711	5	5094550211	6	5518675011	7	0	8	744462611	9	3469701212
12	0	22891451212	1	31482157212	2	49859712	3	10784707812	4	5480934012	5	4132018412	6	4693060512	7	0	8	5705993012	9	4304879313
13	0	28177320213	1	17064137413	2	26160249013	3	14632811513	4	3184089513	5	5695611213	6	1855653313	7	0	8	5123999213	9	1042452014
14	0	12421826814	1	16066015114	2	24650799614	3	28413741014	4	3494587614	5	5413645614	6	3557448814	7	0	8	11365276914	9	6928932114
15	0	20359616214	1	9689997414	2	5058724814	3	7292362714	4	2383591914	5	5888789314	6	2669923014	7	0	8	1535188314	9	44353830
1	0	2282348541	1	2566058951	2	1650793481	3	1229732751	4	490826591	5	555844881	6	722548051	7	0	8	314463941	9	981422602
2	0	1274894162	1	3250162952	2	3690133052	3	760345562	4	619390262	5	484200142	6	53550392	7	0	8	347830732	9	1151468173
3	0	2252800433	1	2047441503	2	1520945273	3	2123594973	4	421979803	5	770454553	6	37747143	7	0	8	343538003	9	306928484
4	0	2995648564	1	2543803974	2	2099370814	3	1673007974	4	707780334	5	888710554	6	193597924	7	0	8	513764084	9	23759005
5	0	2430148985	1	2215594235	2	4383330425	3	1100713355	4	883007755	5	1005794145	6	92156135	7	0	8	193612105	9	55411246
6	0	2331706156	1	2821986216	2	1254687926	3	704817166	4	426391156	5	887057686	6	41847506	7	0	8	332530836	9	275980747
7	0	3272750587	1	1650086307	2	974307177	3	1655136247	4	1215624207	5	437533297	6	40921897	7	0	8	548706817	9	426220948
8	0	828906398	1	2834027828	2	4983547688	3	794038008	4	181955208	5	383696548	6	19638728	7	0	8	137546188	9	610652939
9	0	1420894279	1	2258872429	2	10307353709	3	1102003389	4	534240109	5	522447229	6	494525269	7	0	8	296851229	9	10994252610
10	0	14737948810	1	19858979810	2	120046763410	3	8693264910	4	12033660010	5	4553005110	6	3121803010	7	0	8	2718497910	9	12460301311
11	0	14878692411	1	18600054311	2	123507624811	3	14649044911	4	12917751311	5	4221984711	6	8671196811	7	0	8	2997533111	9	5158025812
12	0	33872231312	1	30314120812	2	106112825812	3	10499662412	4	16803093212	5	6943916512	6	17758320612	7	0	8	3987849612	9	7569303013
13	0	26402371413	1	16738649513	2	70736287913	3	15085880013	4	8858047613	5	5457698813	6	2116454613	7	0	8	3323743613	9	14982255914
14	0	30240622014	1	18121866214	2	49334717814	3	4817261314	4	4481823814	5	5422933114	6	8258189214	7	0	8	3285642214	9	7593874914
15	0	20271025314	1	19349505714	2	41040937814	3	1451247814	4	11986434614	5	3029327514	6	3348600314	7	0	8	1498123714	9	50230494
1	0	3036081371	1	1462039691	2	4191637411	3	2630219871	4	747819691	5	444223011	6	631211491	7	0	8	443465431	9	144410352
2	0	3099372882	1	2438107512	2	3643958782	3	2392276352	4	700052522	5	407533312	6	1422085952	7	0	8	55370722	9	23289543
3	0	3817712813	1	3610014173	2	4637253673	3	1418541283	4	973158863	5	448349413	6	912882763	7	0	8	205690883	9	46310194
4	0	3343500654	1	2166837674	2	2590978824	3	1790862154	4	1854097924	5	324648724	6	1044716784	7	0	8	228576504	9	28111885
5	0	2511418175	1	1845784365	2	7841100545	3	1675421965	4	1439763215	5	487541995	6	751819915	7	0	8	67323475	9	160767946
6	0	2990762546	1	1999331726	2	1407936396	3	982451916	4	1858686466	5	378593616	6	1263257446	7	0	8	101982246	9	67864417
7	0	2306707337	1	1908971837	2	1344838237	3	1126791657	4	1998166457	5	366903707	6	740465917	7	0	8	1128447717	9	36466328
8	0	2629823618	1	2188804048	2	4992553528	3	1116910918	4	2160057998	5	354788408	6	1556240048	7	0	8	227977848	9	732192249
9	0	2760878539	1	1390760919	2	5311093239	3	575742319	4	1365526179	5	460255139	6	1228121899	7	0	8	200086719	9	7778914410
10	0	23573538910	1	25773488010	2	62954423710	3	18852330210	4	4642788810	5	4468296910	6	15189686510	7	0	8	1161572710	9	11188848011
11	0	17911830411	1	18799289311	2	50773377311	3	28694741211	4	4571653711	5	4996798911	6	9356389611	7	0	8	7732895611	9	18252368012
12	0	20400277212	1	19132346612	2	26410973112	3	18399148712	4	840931912	5	5563125612	6	9254248412	7	0	8	761708912	9	11727929013
13	0	16329286113	1	21493654713	2	7803725413	3	17502332013	4	1113972513	5	5001364213	6	3171293813	7	0	8	2331602613	9	8628122614
14	0	35933794614	1	16322849114	2	18654679814	3	25390111614	4	8552404214	5	4967267814	6	9062626114	7	0	8	308107414	9	19334573714
15	0	21138470014	1	7788037314	2	23791234214	3	16134718414	4	1268666614	5	3357271914	6	34845414	7	0	8	801653214	9	48789685
1	0	1955680071	1	2919053671	2	2283062521	3	1168111521	4	225954761	5	621118331	6	33201081	7	0	8	61015961	9	962857602
2	0	1932156582	1	2525229472	2	1245080452	3	929955422	4	628475482	5	433675982	6	180476042	7	0	8	90149692	9	624144573
3	0	2708914143	1	1931609563	2	1844301283	3	750010373	4	304965603	5	562472703	6	123371653	7	0	8	166663893	9	324557274
4	0	2613094064	1	2536527764	2	2346102194	3	723767204	4	297386224	5	650778434	6	493965154	7	0	8	140012054	9	225376725
5	0	2214865485	1	2653647275	2	2468525985	3	1101416375	4	273017645	5	484228385	6	370034925	7	0	8	102047345	9	413897866
6	0	2596296696	1	918099216	2	1112331956	3	887283916	4	292293726	5	492915916	6	1130792126	7	0	8	126577966	9	1784160857
7	0	2614218617	1	809936667	2	6490351357	3	936175587	4	65208577	5	397922197	6	698571077	7	0	8	250472997	9	869041378
8	0	2841425548	1	1505665698	2	1802682908	3	1493285488	4	74270738	5	650563058	6	905582698	7	0	8	1191659778	9	593570219
9	0	4759197469	1	1280639469	2	10568309	3	1309789899	4	518196649	5	519590169	6	485218079	7	0	8	105995289	9	9954594710
10	0	54851954210	1	14778201310	2	8936765910	3	20802720410	4	1679732910	5	6540001910	6	6616507310	7	0	8	1821134810	9	9230431711
11	0	33728174611	1	14017994511	2	9712647611	3	17038174111	4	6628339211	5	5300201611	6	17109695911	7	0	8	8008732511	9	5556960612
12	0	27901865412	1	9550782212	2	509975112	3	10276320612	4	4053917312	5	5571057812	6	15649878812	7	0	8	2481882612	9	4823590913
13	0	30516366513	1	15685687013	2	287723513	3	12067734813	4	3323416013	5	4868482113	6	8790948013	7	0	8	1258966913	9	10914075414
14	0	20021918014	1	18276942414	2	5597632514	3	12567625114	4	9912805514	5	6070682414	6	17088219814	7	0	8	4225799714	9	8116562814
15	0	20695764914	1	6752403314	2	7951358014	3	13215666914	4	2984569414	5	2749467014	6	3926223714	7	0	8	1495079714	9	116312586
1	0	2905408661	1	541840421	2	24614841	3	1707850521	4	261451261	5	580710011	6	1150156421	7	0	8	123337001	9	793592492
2	0	3562240362	1	1087106112	2	832592192	3	1444418142	4	258549352	5	485041632	6	1137458702	7	0	8	194882442	9	702843623
3	0	5244792043	1	761133283	2	2017699533	3	689531923	4	437237043	5	450175373	6	636326393	7	0	8	209987913	9	1080532394
4	0	3544773754	1	1477591034	2	671783654	3	709531144	4	530685754	5	544284884	6	758636774	7	0	8	209776574	9	261847155
5	0	4182308375	1	3149774255	2	73815205	3	710835035	4	330880955	5	710384685	6	258974595	7	0	8	48747855	9	456424716
6	0	4846954146	1	1492293086	2	44345316	3	991410776	4	304902446	5	647639856	6	425338546	7	0	8	58129006	9	1082724607
7	0	2211364467	1	1326789257	2	889737687	3	534882937	4	113728167	5	621012617	6	163197947	7	0	8	94530167	9	428031488
8	0	1591158908	1	1056449328	2	643915248	3	612409588	4	604671958	5	328806988	6	109017698	7	0	8	128745808	9	104517659
9	0	1683768839	1	2117912969	2	1725241649	3	574059239	4	67217309	5	360341799	6	110908599	7	0	8	232464859	9	2471304810
10	0	33036516510	1	10787455310	2	1393826210	3	4809841710	4	782991310	5	2981996810	6	1131045610	7	0	8	767799810	9	5011911211
11	0	14432066011	1	14404866911	2	12703322111	3	4609422411	4	4870562411	5	3183057711	6	6982414911	7	0	8	1009325011	9	4420804212
12	0	7239366712	1	11542699112	2	545543412	3	8144443612	4	2068098112	5	3864193712	6	1809012912	7	0	8	1233092312	9	3664163913
13	0	16502213013	1	9220545813	2	6147441713	3	3568713813	4	6168624913	5	3693938813	6	3922818713	7	0	8	361813213	9	3835644814
14	0	16121654314	1	20318857914	2	13812699614	3	1670056914	4	9235719514	5	2873366414	6	2160193014	7	0	8	524422914	9	2862043914
15	0	11740882114	1	7657702014	2	767479714	3	1548156814	4	898084714	5	3876515014	6	1987492814	7	0	8	246920314	9	19247440
1	0	1213462221	1	1026288621	2	519698191	3	196421261	4	91288441	5	413309861	6	282905011	7	0	8	145605021	9	204124812
2	0	1201318892	1	741546352	2	1930684602	3	1364733592	4	318050062	5	402511222	6	266542952	7	0	8	87762042	9	152838223
3	0	1328998053	1	848394773	2	3202832423	3	123474353	4	566037493	5	345649403	6	322788883	7	0	8	69457533	9	154998704
4	0	2336057384	1	1079161754	2	3599522484	3	613687224	4	88590584	5	367641714	6	291675134	7	0	8	96356594	9	210909735
5	0	3148247605	1	1363120235	2	3926365185	3	1310533675	4	795394815	5	616130385	6	1038150175	7	0	8	109190135	9	491728446
6	0	2372022526	1	668962736	2	7539443556	3	626127116	4	595270106	5	275396076	6	265820776	7	0	8	56541596	9	287037827
7	0	1575491097	1	1949697507	2	7275692707	3	517326347	4	639012077	5	421123447	6	1346483767	7	0	8	291753767	9	187205718
8	0	2591633178	1	385871118	2	6146211248	3	238412488	4	1230207938	5	351005658	6	807093908	7	0	8	1543718578	9	68253849
9	0	3040073239	1	72748879	2	2042782359	3	891559879	4	137082619	5	298872899	6	830729969	7	0	8	2698437659	9	9305067010
10	0	25807932010	1	5091069410	2	43623445910	3	13040937910	4	5658051310	5	3297343910	6	8893390910	7	0	8	18190700410	9	11431540911
11	0	36630866311	1	25847811	2	41690462511	3	7805842211	4	2363377811	5	5108324311	6	7775374611	7	0	8	312474311	9	4692017812
12	0	32307215712	1	5265362912	2	30491842712	3	13879295512	4	2898445112	5	4778435112	6	11113859212	7	0	8	688767312	9	3174437613
13	0	19707892413	1	20286961713	2	30919825313	3	12272582813	4	13513459113	5	3394480513	6	6061369413	7	0	8	351285813	9	9188629114
14	0	20532171814	1	17204880914	2	13245821114	3	10889433714	4	106414	5	6520541914	6	3489963514	7	0	8	726266414	9	11037184314
15	0	16386776414	1	16315532114	2	4742297314	3	5695609914	4	15107914	5	3470456814	6	41614	7	0	8	732690814	9	36571143
1	0	2829424911	1	1731621451	2	919765391	3	58249521	4	117451	5	365832341	6	84961991	7	0	8	134992491	9	1607314282
2	0	2836670302	1	1799849092	2	1924170412	3	337813772	4	15677412	5	438513982	6	690619142	7	0	8	63840772	9	180419383
3	0	3373213743	1	1626486073	2	894875773	3	123874583	4	23746443	5	477941133	6	417060243	7	0	8	95711063	9	495065354
4	0	3038948424	1	1979770794	2	1081574124	3	201812374	4	112515694	5	665523734	6	167404984	7	0	8	609782374	9	1270827405
5	0	3058544745	1	1508498035	2	910600945	3	657856835	4	7470525	5	432603625	6	94483475	7	0	8	989309505	9	290321516
6	0	2271411776	1	1418224026	2	1421381876	3	968674936	4	28666	5	378577966	6	134755166	7	0	8	888075166	9	225049897
7	0	2489081577	1	2620133627	2	1991385067	3	671093417	4	10867	5	594300117	6	38008167	7	0	8	790563997	9	529766528
8	0	1152422428	1	2375514408	2	599983538	3	460380108	4	35573758	5	384027748	6	548034548	7	0	8	573945128	9	1602116559
9	0	2099968649	1	1157976639	2	841085009	3	770586279	4	148376819	5	658835639	6	114974449	7	0	8	84293019	9	13446520310
10	0	33928326810	1	11562028410	2	13749246010	3	10059159410	4	3953929610	5	4369625810	6	488244510	7	0	8	313622610	9	16020716811
11	0	18203898511	1	12744061611	2	5530398411	3	15134732011	4	4814044211	5	2620065711	6	2154914511	7	0	8	1005969611	9	15808394812
12	0	14916797812	1	7450383812	2	235986212	3	16052587612	4	2069502112	5	4820249612	6	280762012	7	0	8	498583412	9	8910075213
13	0	12956618613	1	8693654713	2	2656943613	3	15062093313	4	15683310513	5	3770567713	6	013	7	0	8	993918213	9	13573957814
14	0	14139835914	1	13659824314	2	1593143314	3	12658985914	4	10382615614	5	3254958314	6	1366927414	7	0	8	2002631514	9	9191261414
15	0	17707072914	1	10421366114	2	2531162314	3	7779700314	4	4154846914	5	3349787114	6	10549053114	7	0	8	976182214	9	33619268
1	0	2289635741	1	1414224291	2	1142203401	3	658827991	4	491614601	5	478553851	6	928534741	7	0	8	320435631	9	451999742
2	0	4399967582	1	1504817242	2	12297182	3	880207512	4	896192332	5	421318352	6	442329702	7	0	8	103025832	9	751870433
3	0	3285335223	1	1491720633	2	8553443	3	819474773	4	1423165303	5	564453833	6	305764813	7	0	8	102288643	9	538306984
4	0	2978301004	1	1808207994	2	12055844	3	1465259404	4	1993822504	5	499304524	6	994650294	7	0	8	90426674	9	502662015
5	0	3663453865	1	1406265775	2	7747485	3	1110467615	4	1514006825	5	547357845	6	637117965	7	0	8	141458085	9	216839896
6	0	4059228716	1	1299173056	2	4871786	3	661403146	4	1006725356	5	573406186	6	822662726	7	0	8	37732406	9	753984657
7	0	3518637827	1	2353513837	2	590322407	3	254784607	4	749934157	5	412425277	6	533177507	7	0	8	15294367	9	551633728
8	0	2120567918	1	1151488628	2	535871518	3	617309278	4	1293399678	5	405147998	6	333218868	7	0	8	81028748	9	423655639
9	0	2261964899	1	1194009379	2	2916529	3	533556899	4	817114199	5	334968879	6	891970069	7	0	8	129628059	9	8473267610
10	0	26437693910	1	9427871810	2	54182110	3	10307234110	4	11414096010	5	4218615610	6	6584075410	7	0	8	1030499510	9	11501556311
11	0	39700002811	1	18406207011	2	5107365611	3	5246645111	4	6970668011	5	4039100011	6	5103235011	7	0	8	657773211	9	6620519312
12	0	38683130212	1	13824281912	2	6920895512	3	2891048312	4	7734274212	5	4196691912	6	1312389012	7	0	8	3473236712	9	7556949513
13	0	37975939613	1	30769600713	2	5870856513	3	5392902513	4	4097667413	5	4364911413	6	2098345513	7	0	8	287913013	9	1608122414
14	0	39837732714	1	11396616814	2	1254443014	3	19656050914	4	3785015014	5	4265762114	6	7046538614	7	0	8	597662714	9	1531617414
15	0	30994774314	1	9363862814	2	86115814	3	8284267914	4	2775761014	5	3132831114	6	6144499214	7	0	8	491591214	9	11046069
1	0	2205531391	1	2021640431	2	58524591	3	903523181	4	654742571	5	354892421	6	601554511	7	0	8	248841541	9	980782992
2	0	1983681692	1	1979854852	2	261649772	3	879818692	4	728734292	5	337649722	6	563665292	7	0	8	179948262	9	2162941173
3	0	2769243033	1	2833064753	2	1405389423	3	490401033	4	1439920503	5	418188423	6	431596113	7	0	8	120982413	9	1377714374
4	0	2736297704	1	2526637434	2	16323884	3	199399064	4	1881806574	5	323632384	6	878051004	7	0	8	91344684	9	1887596265
5	0	2296671005	1	4066191545	2	8674175	3	576822405	4	1011909375	5	358442495	6	336159535	7	0	8	547866845	9	1515879186
6	0	1958148106	1	3595875266	2	590190156	3	256113286	4	2156160166	5	426043386	6	421489256	7	0	8	137742186	9	968689217
7	0	4899196657	1	1602482767	2	217818807	3	887160607	4	2408192597	5	318760837	6	175158087	7	0	8	134916567	9	1260983428
8	0	1256463838	1	3206942818	2	661511578	3	381823668	4	1004095248	5	255011088	6	489178558	7	0	8	41645228	9	854503549
9	0	2284911229	1	3340197489	2	1178474069	3	922963049	4	666052229	5	273590049	6	469273009	7	0	8	51165289	9	6239829510
10	0	22723082210	1	31068807610	2	18631329810	3	4571370410	4	10329186210	5	2280764310	6	498191010	7	0	8	1156238810	9	2028088411
11	0	39496075411	1	47598747011	2	11876164911	3	4772571811	4	3157159811	5	2289125611	6	239073211	7	0	8	4126934411	9	5449071912
12	0	29724527912	1	31111489512	2	15863109712	3	5448863412	4	4419560512	5	3495453212	6	2277002212	7	0	8	1127145912	9	4494559513
13	0	25754550113	1	39857911713	2	15747243613	3	3459222113	4	1055917513	5	3698869813	6	723870013	7	0	8	2677814613	9	9677348514
14	0	16969036014	1	32358277314	2	5900892314	3	10142829414	4	2062632814	5	3202909814	6	704499614	7	0	8	2446089414	9	5612342314
15	0	20783727114	1	31290238514	2	2743773814	3	8464463214	4	1745429714	5	1818292014	6	2102399714	7	0	8	714500514	9	3816287
1	0	2106721051	1	3991302181	2	568718111	3	369071181	4	851759281	5	431056281	6	985214971	7	0	8	334986931	9	517214992
2	0	1221650682	1	3369380862	2	880670462	3	571518502	4	670836122	5	443140712	6	284668612	7	0	8	57405742	9	272603293
3	0	1292004883	1	3047874743	2	4128726953	3	585265953	4	466801923	5	318562533	6	305027943	7	0	8	214393383	9	100381284
4	0	2154435264	1	2551797444	2	3204811824	3	982053344	4	544634824	5	280553224	6	646878714	7	0	8	204007934	9	101563805
5	0	3074518895	1	2276622105	2	1280834205	3	1612148235	4	391271975	5	354861635	6	444465815	7	0	8	135814895	9	57321276
6	0	1808904606	1	2237711936	2	1628860946	3	1217266926	4	1024903896	5	267504296	6	483927696	7	0	8	118197426	9	22290107
7	0	1086678837	1	1968569997	2	737074957	3	967397287	4	745013517	5	558492327	6	587798767	7	0	8	123795047	9	627581128
8	0	1819250088	1	2027463988	2	517787378	3	2588670278	4	935356718	5	312856078	6	667356388	7	0	8	228805818	9	884612719
9	0	1810217069	1	2138838939	2	5223519	3	1517252669	4	1280526989	5	304935249	6	357810569	7	0	8	341027399	9	3919013510
10	0	27849709310	1	24309935910	2	7597110610	3	10032364610	4	4618423010	5	3668695710	6	2925813310	7	0	8	1826605010	9	786472511
11	0	29331852911	1	33009289411	2	61989811	3	11581936711	4	2715667011	5	3174289711	6	3089782511	7	0	8	2011159611	9	473800112
12	0	30678234312	1	23793525112	2	1045890912	3	8772837312	4	3989802112	5	3815921212	6	455985312	7	0	8	978919412	9	1797848113
13	0	18382807813	1	33987675813	2	17888820013	3	8144533113	4	2605621813	5	3454202113	6	8326626113	7	0	8	195009913	9	1900091414
14	0	21010951814	1	17137236314	2	30116846814	3	7217945214	4	4190476914	5	3644852714	6	5150602214	7	0	8	1631607314	9	6241745614
15	0	19838576714	1	8944616414	2	22293533014	3	13182988514	4	2566982414	5	3259198014	6	3158228614	7	0	8	3052030214	9	27413736