1 18 4 913767
2 5 6 484694
3 0 8 19925
3 5 6 1522197
4 5 6 52
5 18 4 135087
10 18 4 99401
12 7 2 11673
12 8 1 2349810
13 11 9 196976
13 8 1 263884
14 8 1 1074905
15 18 4 84424
15 8 1 1422498
16 14 5 12762
16 5 6 192505
16 8 1 1569794
17 14 5 7082
17 5 6 738470
17 8 1 1347164
18 13 2 6095
18 5 6 469592
18 8 1 1358248
19 8 1 1340947
20 18 4 100949
20 8 1 1351400
21 8 1 1349997
22 8 1 1352956
23 8 1 1356908
24 8 1 1356632
25 8 1 1627918
26 14 5 6843
26 3 9 153812
26 18 4 117987
26 8 1 1350084
27 3 9 6925844
27 8 1 1352564
28 0 8 218416
28 3 9 3846414
28 8 1 1354078
29 0 8 978894
29 13 5 8460
29 3 9 2230500
29 8 1 1363442
30 18 4 85545
30 0 8 735259
30 8 1 1345552
30 3 9 1831500
30 13 5 712
31 0 8 1656927
31 3 9 2165042
31 8 1 1355540
32 0 8 1564105
32 3 9 916447
32 8 1 1353016
33 0 8 673475
33 3 9 975991
33 19 2 2407
33 8 1 1355039
34 0 8 3000
34 19 2 1938
34 8 1 1356228
35 18 4 45146
35 0 8 499799
35 13 8 39527
35 8 1 1356374
36 18 4 86628
36 0 8 621005
36 3 9 2718000
36 19 2 52
36 8 1 1618983
37 0 8 441893
37 3 9 1351500
37 5 6 159655
37 8 1 1158184
38 0 8 663055
38 13 8 12952
38 3 9 175500
38 5 6 329629
38 8 1 1528237
39 0 8 2154275
39 3 9 3000
39 5 6 52
39 8 1 1356790
40 0 8 2353076
40 3 9 1209000
40 8 1 1357284
41 18 4 96719
41 0 8 2174990
41 3 9 1261782
41 8 1 1349928
42 0 8 2272730
42 3 9 2518409
42 8 1 1355661
43 11 9 52
43 0 8 2038307
43 3 9 338255
43 8 1 1352847
44 0 8 2269966
44 5 6 290915
44 8 1 1358571
45 0 8 1903616
45 5 6 3028
45 8 1 1354570
46 18 4 83804
46 0 8 2087350
46 8 1 1626739
47 18 4 52
47 0 8 1770557
47 8 1 1359194
48 0 8 1825627
48 13 2 80
48 8 1 1350112
49 14 5 52
49 0 8 2385309
49 8 1 1351528
50 0 8 2620388
50 8 1 1353854
51 0 8 2648512
51 3 9 1360950
51 9 5 52
51 8 1 1356988
51 18 4 85869
51 5 6 137085
52 0 8 2459215
52 3 9 2830500
52 5 6 1305089
52 8 1 1355744
53 0 8 2807027
53 3 9 1646768
53 5 6 801094
53 8 1 1361619
54 0 8 2342740
54 8 1 1345754
55 0 8 2921939
55 8 1 1368227
56 3 1 6910
56 18 4 347134
56 0 8 2521902
56 8 1 1338231
57 11 4 5412
57 0 8 1818264
57 16 5 4987
57 8 1 1628727
58 11 4 178379
58 0 8 1913294
58 8 1 1346795
59 11 4 550438
59 0 8 1898282
59 5 6 164045
59 8 1 1359632
60 11 4 614772
60 18 4 350809
60 0 8 1057759
60 5 6 1432905
60 8 1 1347298
61 0 8 1368434
61 3 9 1523018
61 8 1 1354012
61 18 4 52
61 11 4 607432
61 5 6 1813418
62 11 4 616904
62 0 8 1855506
62 3 9 2184272
62 5 6 1203087
62 8 1 1354068
63 11 4 600176
63 0 8 1776109
63 5 6 1827904
63 8 1 1346732
64 11 4 609688
64 0 8 1748379
64 13 2 964
64 5 6 1830564
64 8 1 1350985
65 11 4 602008
65 18 4 74624
65 0 8 1781901
65 5 6 1811814
65 8 1 1291173
66 11 4 601060
66 18 4 259076
66 0 8 1704198
66 5 6 1967269
66 8 1 1600091
67 11 4 611714
67 0 8 1796310
67 5 6 1868232
67 8 1 1360724
68 11 4 610376
68 0 8 1963457
68 5 6 1848075
68 8 1 1359594
69 11 4 617072
69 0 8 2021012
69 5 6 1904678
69 8 1 1357001
70 11 4 602264
70 0 8 2026759
70 5 6 1921373
70 8 1 1347829
71 0 8 1999305
71 3 9 1016261
71 11 5 4358
71 8 1 1345888
71 18 4 318978
71 11 4 621340
71 5 6 1854977
72 11 4 610880
72 0 8 1933980
72 3 9 1111500
72 5 6 1904435
72 8 1 1357808
73 11 4 605984
73 0 8 2051859
73 3 9 1128000
73 5 6 604200
73 8 1 1365124
74 11 4 613456
74 0 8 1510821
74 3 9 1024500
74 5 6 1051599
74 8 1 1333407
75 0 8 1398106
75 3 9 1514201
75 8 1 1357298
75 18 4 84209
75 11 4 617231
75 5 6 1316339
76 11 4 451268
76 0 8 1196989
76 8 1 1363156
77 11 4 587080
77 8 1 1569507
78 11 4 618880
78 8 1 1399949
79 11 4 612056
79 8 1 1351763
80 11 4 609544
80 8 1 1354956
81 11 4 615348
81 18 4 349793
81 3 9 1346918
81 8 1 1352269
82 11 4 609408
82 3 9 1689000
82 8 1 1364898
83 11 4 610860
83 3 9 941988
83 8 1 1348902
84 11 4 620032
84 8 1 1354078
85 11 4 607000
85 18 4 60223
85 5 6 272706
85 8 1 1368543
86 11 4 612352
86 18 4 259838
86 5 6 1547728
86 8 1 1331296
87 11 4 613460
87 5 6 52
87 8 1 1400547
88 11 4 608688
88 16 5 104
88 8 1 1590638
89 11 4 606776
89 8 1 1348915
90 11 4 606620
90 8 1 1358503
91 11 4 619478
91 3 9 1474256
91 8 1 1344953
92 11 4 612888
92 18 4 669
92 3 9 2386500
92 8 1 1361261
93 11 4 429980
93 18 4 1597168
93 3 9 1999070
93 8 1 1345820
94 11 4 617184
94 8 1 1356892
95 11 4 614043
95 8 1 1354128
96 11 4 609408
96 18 4 419675
96 5 6 114469
96 8 1 1353304
97 11 4 609720
97 18 4 375410
97 0 8 290361
97 5 6 52
97 8 1 1624970
98 11 4 609824
98 0 8 2553299
98 8 1 1231366
99 11 4 605903
99 0 8 2095443
99 2 2 355612
99 4 2 369112
99 8 1 1474308
100 0 8 1433482
100 2 2 460500
100 16 2 448
100 8 1 1357378
100 18 4 82250
100 11 4 609408
100 4 2 324000
101 0 8 1880641
101 2 2 304500
101 3 9 1022049
101 16 2 135
101 8 1 1352778
101 18 4 52
101 11 4 618240
101 4 2 178500
102 0 8 1768705
102 2 2 15000
102 3 9 990996
102 9 5 7193
102 8 1 1357440
102 11 4 606464
102 4 2 12000
103 11 4 618324
103 0 8 1829792
103 2 2 3000
103 3 9 1839000
103 8 1 1353844
104 0 8 1827020
104 2 2 1500
104 3 9 161601
104 8 1 1359278
104 11 4 615712
104 4 2 1500
105 11 4 512398
105 0 8 1890567
105 2 2 324000
105 4 2 288000
105 8 1 1360580
106 0 8 1822307
106 2 2 664500
106 8 1 1346702
106 4 2 483000
106 11 4 536638
106 5 6 108916
107 11 4 611525
107 0 8 1767075
107 2 2 541500
107 4 2 384000
107 8 1 1616177
108 0 8 1906306
108 2 2 4500
108 8 1 1353982
108 18 4 2011257
108 11 4 535860
108 13 8 267
108 4 2 4500
109 0 8 1009814
109 2 2 1500
109 8 1 1368127
109 4 2 3000
109 11 4 612560
109 5 6 72239
110 0 8 1150449
110 2 2 1500
110 8 1 1341605
110 5 6 38383
110 11 4 609408
110 4 2 1500
111 0 8 903902
111 2 2 15000
111 3 9 1136400
111 8 1 1360312
111 11 4 604904
111 4 2 34500
112 11 4 618724
112 0 8 732103
112 3 9 2574000
112 4 2 1500
112 8 1 1354611
113 0 8 1462627
113 2 2 1500
113 3 9 101098
113 8 1 1349222
113 18 4 2676352
113 11 4 608092
113 5 6 38324
114 0 8 1769438
114 2 2 156000
114 8 1 1335605
114 5 6 635992
114 11 4 599156
114 4 2 385500
115 0 8 1818133
115 2 2 309000
115 8 1 1356502
115 4 2 319500
115 11 4 624768
115 5 6 18950
116 0 8 1800758
116 2 2 453000
116 8 1 1354430
116 4 2 408000
116 11 4 603520
116 5 6 72676
116 0 5 32482
117 0 8 1427869
117 2 2 408000
117 8 1 1361504
117 11 4 609460
117 4 2 643500
117 0 5 49643
118 0 8 1869398
118 2 2 151500
118 5 2 217
118 8 1 1611410
118 18 4 87089
118 5 6 52
118 11 4 618604
118 4 2 160500
119 0 8 1924133
119 2 2 225000
119 8 1 1355653
119 4 2 312000
119 11 4 615780
119 5 6 103831
120 0 8 1988237
120 2 2 258000
120 8 1 1346261
120 4 2 459000
120 11 4 599260
120 5 6 400307
121 0 8 1910077
121 2 2 67500
121 3 9 190866
121 8 1 1350989
121 4 2 91500
121 11 4 600576
121 5 6 52
122 0 8 1943375
122 2 2 3000
122 3 9 1725000
122 8 1 1353036
122 18 4 85921
122 4 2 9000
122 11 4 625372
122 5 6 222273
123 0 8 1895047
123 2 2 6000
123 3 9 1399500
123 8 1 1356736
123 11 4 607484
123 5 6 867221
124 0 8 1784020
124 2 2 127500
124 3 9 873000
124 8 1 1356531
124 5 6 243200
124 11 4 443072
124 4 2 112500
125 0 8 1870086
125 2 2 423000
125 3 9 1314000
125 8 1 1352637
125 11 4 609408
125 4 2 402000
126 0 8 1731224
126 2 2 358500
126 3 9 186716
126 8 1 1353617
126 5 6 47052
126 11 4 606464
126 4 2 328500
127 0 8 1749095
127 2 2 483000
127 8 1 1352798
127 18 4 1367036
127 4 2 363000
127 11 4 602383
127 5 6 584093
128 0 8 1765239
128 2 2 595500
128 8 1 1330910
128 18 4 905787
128 5 6 52
128 11 4 588800
128 4 2 654000
129 11 4 610880
129 0 8 1827616
129 2 2 393000
129 4 2 454500
129 8 1 1604557
130 0 8 1121080
130 2 2 322500
130 8 1 1346149
130 4 2 345000
130 11 4 599312
130 5 6 18950
131 0 8 728590
131 2 2 201000
131 3 9 1015751
131 8 1 1324304
131 4 2 330000
131 11 4 572588
131 5 6 917807
132 0 8 1060094
132 2 2 354000
132 3 9 2535000
132 8 1 1353221
132 5 6 523592
132 11 4 612352
132 4 2 450000
133 0 8 1745799
133 2 2 373500
133 3 9 243599
133 8 1 1349418
133 18 4 1888280
133 11 4 615936
133 4 2 424500
134 0 8 1829794
134 2 2 226500
134 8 1 1357535
134 18 4 630053
134 5 6 408588
134 11 4 612352
134 4 2 229500
135 0 8 1544635
135 2 2 1500
135 8 1 1354459
135 5 6 939988
135 11 4 608005
135 4 2 3000
136 0 8 1832937
136 2 2 13500
136 8 1 1349180
136 4 2 7500
136 11 4 584436
136 5 6 37092
137 0 8 1502887
137 2 2 1500
137 8 1 1355971
137 5 6 311913
137 11 4 467660
137 4 2 1500
138 0 8 1743248
138 2 2 370500
138 8 1 1358625
138 5 6 74446
138 11 4 598640
138 4 2 249000
139 0 8 1819727
139 2 2 400500
139 8 1 1439597
139 18 4 88413
139 11 4 625002
139 4 2 424500
140 0 8 1527779
140 2 2 295500
140 8 1 1530929
140 4 2 409500
140 11 4 605476
140 5 6 18942
141 2 2 309000
141 3 9 708518
141 8 1 1351868
141 5 6 1122120
141 11 4 609616
141 4 2 447000
142 2 2 391500
142 3 9 2089500
142 8 1 1369011
142 4 2 510000
142 11 4 618604
142 5 6 1239717
143 2 2 415500
143 3 9 1875000
143 8 1 1340858
143 18 4 392908
143 11 4 609873
143 4 2 526500
144 2 2 498000
144 3 9 1010616
144 8 1 1351177
144 18 4 2113262
144 11 4 612664
144 4 2 417000
145 11 4 615296
145 2 2 547500
145 4 2 370500
145 8 1 1356944
146 11 4 607548
146 2 2 688500
146 4 2 607500
146 8 1 1337423
147 11 4 437116
147 2 2 657000
147 4 2 739500
147 8 1 1367404
148 11 4 613320
148 18 4 800421
148 2 2 868500
148 4 2 1179000
148 8 1 1346154
149 2 2 1002000
149 8 1 1623352
149 18 4 1895944
149 4 2 1078500
149 11 4 606620
149 5 6 72247
150 11 4 605356
150 2 2 816000
150 5 6 858921
150 4 2 862500
150 8 1 1357723
151 2 2 148500
151 3 9 1265930
151 8 1 1316100
151 4 2 127500
151 11 4 601544
151 5 6 1284439
152 0 8 337994
152 2 2 18000
152 3 9 2398500
152 8 1 1360033
152 4 2 19500
152 11 4 606620
152 5 6 329046
153 0 8 420042
153 3 9 352592
153 8 1 1355304
153 18 4 1484420
153 11 4 618396
153 5 6 1341801
154 0 8 577191
154 2 2 415500
154 8 1 1351226
154 18 4 1209313
154 4 2 423000
154 11 4 609564
154 5 6 1577601
155 0 8 849715
155 2 2 844500
155 8 1 1350180
155 4 2 825000
155 11 4 615954
155 5 6 1541844
156 0 8 752659
156 2 2 1036500
156 8 1 1355672
156 4 2 976500
156 11 4 609408
156 5 6 138337
157 11 4 603520
157 0 8 636365
157 2 2 717000
157 4 2 1263000
157 8 1 1350321
158 11 4 559360
158 0 8 1277991
158 2 2 741000
158 4 2 975000
158 8 1 1316653
159 0 8 1952724
159 2 2 1297500
159 8 1 1341932
159 18 4 2292882
159 11 4 613908
159 4 2 589500
160 0 8 1877088
160 2 2 1180500
160 8 1 1628567
160 18 4 410620
160 11 4 437184
160 4 2 990000
161 0 8 1675727
161 2 2 1114500
161 3 9 505552
161 8 1 1363646
161 11 4 600784
161 4 2 771000
162 0 8 1771304
162 2 2 829500
162 3 9 1856504
162 8 1 1313938
162 11 4 579308
162 4 2 778500
163 0 8 1892462
163 2 2 859500
163 3 9 2196000
163 8 1 1338824
163 5 6 1239
163 11 4 615160
163 4 2 564000
164 0 8 1812840
164 2 2 280500
164 3 9 980206
164 8 1 1337898
164 18 4 85259
164 4 2 273000
164 11 4 602048
164 5 6 1139480
165 0 8 1864449
165 2 2 1500
165 8 1 1356501
165 5 6 1237704
165 11 4 606464
165 4 2 3000
166 11 4 612352
166 0 8 1333389
166 2 2 7500
166 4 2 6000
166 8 1 1349388
167 11 4 601165
167 0 8 730690
167 2 2 234000
167 4 2 294000
167 8 1 1365855
168 11 4 621184
168 0 8 1549779
168 2 2 987000
168 4 2 1083000
168 8 1 1341811
169 0 8 1533825
169 2 2 1200000
169 8 1 1361670
169 18 4 87127
169 11 4 615608
169 4 2 883500
170 0 8 1908578
170 2 2 1366500
170 8 1 1621699
170 18 4 52
170 11 4 609408
170 4 2 846000
171 0 8 1774570
171 2 2 1141500
171 3 9 1412865
171 8 1 1356996
171 11 4 601060
171 4 2 804000
172 0 8 2328932
172 2 2 1233000
172 3 9 2367869
172 8 1 1366304
172 11 4 616924
172 4 2 994500
173 11 4 612352
173 0 8 1905433
173 2 2 1068000
173 4 2 1020000
173 8 1 1344967
174 0 8 2780963
174 2 2 853500
174 8 1 1344516
174 18 4 651756
174 4 2 1141500
174 11 4 606568
174 5 6 252759
175 0 8 2553652
175 2 2 1035000
175 8 1 1341916
175 18 4 2012934
175 4 2 1170000
175 11 4 616300
175 5 6 1432152
176 0 8 1728429
176 2 2 1323000
176 8 1 1359498
176 4 2 1045500
176 11 4 612404
176 5 6 806271
177 11 4 591744
177 0 8 2846397
177 2 2 1279500
177 4 2 1057500
177 8 1 1350406
178 0 8 2497845
178 2 2 346500
178 8 1 1332752
178 18 4 472569
178 11 4 618344
178 4 2 513000
179 0 8 2556680
179 2 2 1500
179 8 1 1356033
179 18 4 2203342
179 11 4 604004
179 4 2 1500
180 11 4 434292
180 0 8 2579887
180 8 1 1613542
181 0 8 2610472
181 2 2 114000
181 3 9 618517
181 8 1 1356979
181 11 4 615452
181 4 2 156000
182 7 7 8510
182 0 8 1490758
182 2 2 549000
182 3 9 1048500
182 8 1 1357781
182 11 4 606620
182 4 2 619500
183 7 7 52
183 0 8 3000
183 2 2 577500
183 3 9 1621500
183 8 1 1362216
183 11 4 617281
183 4 2 607500
184 0 8 1500
184 2 2 844500
184 3 9 2506081
184 8 1 1348484
184 11 4 615452
184 4 2 1000500
185 0 8 1495238
185 2 2 1237500
185 8 1 1362412
185 18 4 1129117
185 11 4 611518
185 4 2 961500
186 0 8 2268530
186 2 2 870000
186 8 1 1339767
186 18 4 1495582
186 5 6 182199
186 11 4 607936
186 4 2 1416000
187 0 8 1988504
187 2 2 1005000
187 8 1 1361087
187 4 2 1206000
187 11 4 604992
187 5 6 1468118
188 0 8 2370631
188 2 2 1045500
188 8 1 1345752
188 18 4 84785
188 4 2 1261500
188 11 4 606620
188 5 6 959704
189 11 4 605192
189 0 8 709738
189 2 2 1230000
189 4 2 1164000
189 8 1 1349305
190 11 4 611200
190 2 2 1183500
190 4 2 1042500
190 8 1 1633136
191 11 4 614308
191 2 2 1092000
191 3 9 1007865
191 4 2 1326000
191 8 1 1353776
192 11 4 604992
192 2 2 474000
192 3 9 2617500
192 4 2 489000
192 8 1 1355342
193 2 2 1500
193 3 9 235337
193 8 1 1349518
193 18 4 1287321
193 11 4 616924
193 4 2 1500
194 11 4 612404
194 18 4 1019990
194 2 2 4500
194 4 2 15000
194 8 1 1356769
195 11 4 611512
195 2 2 204000
195 4 2 241500
195 8 1 1357440
196 11 4 543176
196 2 2 616500
196 4 2 834000
196 8 1 1356629
197 11 4 612456
197 2 2 870000
197 4 2 909000
197 8 1 1348919
198 11 4 609512
198 2 2 1248000
198 4 2 1071000
198 8 1 1351819
199 11 4 612888
199 18 4 94329
199 2 2 1071000
199 4 2 1134000
199 8 1 1353230
200 2 2 1306500
200 8 1 598583
200 18 4 2598865
200 4 2 1084500
200 11 4 612508
200 5 6 169051
201 11 4 443124
201 2 2 948000
201 5 6 1504998
201 4 2 1107000
201 3 9 1121866
202 11 4 603520
202 5 6 729434
202 2 2 999000
202 3 9 2709000
202 4 2 1218000
203 2 2 1336500
203 3 9 1889448
203 9 5 921
203 11 4 610210
203 18 7 6491
203 4 2 900000
204 11 4 607936
204 18 4 89180
204 0 8 66000
204 2 2 1297500
204 4 2 1048500
205 11 4 597632
205 0 8 834025
205 2 2 856500
205 4 2 1101000
206 11 4 609460
206 0 8 1290450
206 2 2 103500
206 4 2 214500
207 11 4 610672
207 0 8 1800032
207 9 5 530
207 17 8 6367
207 5 6 1225
208 11 4 618240
208 0 8 1819927
208 2 2 1500
208 4 2 3000
208 5 6 832395
209 0 8 1852932
209 2 2 238500
209 18 4 84165
209 5 6 1922924
209 11 4 609460
209 4 2 340500
210 0 8 1873939
210 2 2 1035000
210 18 4 52
210 4 2 984000
210 11 4 612352
210 5 6 150951
211 0 8 1827675
211 2 2 1060500
211 3 9 673061
211 4 2 991500
211 11 4 611364
211 5 6 1481748
211 0 5 12344
212 0 8 1654909
212 2 2 823500
212 3 9 2926500
212 5 6 1854653
212 11 4 609408
212 4 2 733500
213 0 8 1861922
213 2 2 757500
213 3 9 370477
213 18 4 725387
213 4 2 574500
213 11 4 607988
213 5 6 1868232
213 0 5 8913
214 0 8 1820796
214 2 2 301500
214 18 4 1339512
214 4 2 436500
214 11 4 616924
214 5 6 1850148
215 11 4 611142
215 0 8 1927107
215 2 2 1062000
215 5 6 792114
215 4 2 969000
216 11 4 547896
216 0 8 1813918
216 2 2 1018500
216 4 2 1036500
217 11 4 458584
217 0 8 1488090
217 2 2 853500
217 4 2 847500
218 11 4 569372
218 18 4 417190
218 0 8 1638234
218 2 2 763500
218 4 2 1012500
219 0 8 1780559
219 2 2 990000
219 18 4 2261546
219 4 2 1170000
219 11 4 613290
219 5 6 122169
220 11 4 605439
220 0 8 813321
220 2 2 957000
220 5 6 378133
220 4 2 933000
221 11 4 582372
221 0 8 878860
221 2 2 747000
221 3 9 1204684
221 4 2 561000
222 11 4 582336
222 0 8 1283917
222 2 2 355500
222 3 9 3093000
222 4 2 262500
223 0 8 1597233
223 2 2 1500
223 3 9 1325146
223 18 4 2595403
223 11 4 589242
223 4 2 1500
224 11 4 609359
224 0 8 1765247
224 2 2 1500
225 11 4 599948
225 0 8 1541542
225 2 2 442500
225 4 2 204000
226 11 4 530964
226 0 8 1699901
226 2 2 750000
226 4 2 706500
227 11 4 586832
227 0 8 1854268
227 2 2 439500
227 4 2 462000
228 11 4 600576
228 18 4 1481132
228 0 8 1621535
228 2 2 597000
228 4 2 339000
229 11 4 618396
229 18 4 1217792
229 0 8 1920054
229 2 2 906000
229 4 2 873000
230 11 4 437288
230 0 8 1966434
230 2 2 619500
230 4 2 492000
231 11 4 616937
231 0 8 628392
231 2 2 756000
231 3 9 1331278
231 4 2 777000
232 0 8 2031550
232 2 2 840000
232 3 9 2308044
232 18 4 1425473
232 4 2 894000
232 11 4 612836
232 5 6 173394
233 0 8 1901559
233 2 2 561000
233 18 4 52
233 4 2 945000
233 11 4 610880
233 5 6 1686175
234 11 4 618552
234 0 8 1846165
234 2 2 682500
234 5 6 660228
234 4 2 691500
235 11 4 616842
235 0 8 1916530
235 2 2 177000
235 4 2 145500
236 11 4 603520
236 0 8 1946638
236 2 2 13500
236 4 2 12000
237 11 4 616024
237 18 4 85492
237 0 8 1897099
238 0 8 1841041
238 2 2 43500
238 18 4 52
238 17 8 104
238 11 4 604144
238 4 2 25500
239 11 4 620565
239 0 8 1893476
239 2 2 1500
239 4 2 1500
240 11 4 609328
240 0 8 1796786
240 3 5 6757
241 11 4 610528
241 0 8 1889920
241 3 9 1293000
242 0 8 1916430
242 2 2 592500
242 3 9 3352500
242 1 5 10531
242 18 4 1795473
242 5 6 1239
242 11 4 443072
242 4 2 289500
243 0 8 1910595
243 2 2 648000
243 3 9 1089910
243 18 4 23583
243 5 6 888216
243 11 4 614623
243 4 2 411000
243 0 5 104
244 11 4 612508
244 0 8 1452256
244 2 2 793500
244 5 6 1006952
244 4 2 630000
245 11 4 615452
245 1 5 137283
245 0 8 1778259
245 2 2 759000
245 4 2 631500
246 11 4 612508
246 1 5 13422
246 0 8 1527158
246 2 2 421500
246 4 2 378000
247 11 4 610048
247 18 4 1570360
247 2 2 579000
247 4 2 918000
248 11 4 600576
248 2 2 348000
248 4 2 376500
249 11 4 605476
249 2 2 6000
249 3 5 1168
249 4 2 13500
250 11 4 609460
250 2 2 10500
250 4 2 3000
251 11 4 611384
251 18 4 93780
251 2 2 271500
251 3 9 966000
251 4 2 268500
252 11 4 611580
252 2 2 549000
252 3 9 2874350
252 4 2 666000
253 11 4 590428
253 2 2 727500
253 4 2 708000
254 11 4 600576
254 2 2 931500
254 4 2 715500
255 11 4 612385
255 1 5 52
255 2 2 751500
255 4 2 816000
256 11 4 617176
256 2 2 768000
256 4 2 682500
257 11 4 606888
257 18 4 1223556
257 2 2 682500
257 4 2 694500
258 11 4 609408
258 18 4 30223
258 2 2 813000
258 4 2 609000
259 11 4 606948
259 2 2 544500
259 4 2 657000
260 11 4 609616
260 2 2 538500
260 5 6 18950
260 4 2 960000
261 2 2 814500
261 3 9 1125000
261 18 4 84296
261 5 6 240080
261 11 4 488704
261 4 2 787500
261 0 5 363
262 11 4 555100
262 0 8 1705897
262 2 2 333000
262 3 9 2494500
262 4 2 336000
263 11 4 609712
263 0 8 1884881
263 2 2 10500
263 3 9 2206400
263 4 2 12000
264 11 4 614343
264 0 8 1799926
264 3 9 40952
264 5 6 130723
265 11 4 615452
265 0 8 1483306
265 2 2 79500
265 4 2 76500
265 5 6 670594
266 0 8 1217087
266 2 2 859500
266 18 4 83498
266 5 6 750067
266 11 4 610880
266 4 2 906000
267 11 4 604963
267 0 8 3000
267 2 2 861000
267 5 6 1772977
267 4 2 841500
268 11 4 616872
268 0 8 1500
268 2 2 889500
268 5 6 438989
268 4 2 945000
269 11 4 599104
269 0 8 1500
269 2 2 1150500
269 4 2 769500
270 11 4 618604
270 0 8 459610
270 2 2 1003500
270 5 5 8372
270 4 2 879000
271 0 8 1973484
271 2 2 900000
271 3 9 1047000
271 18 4 969201
271 11 4 616196
271 4 2 787500
272 0 8 1892954
272 2 2 1132500
272 3 9 2565106
272 18 4 129021
272 11 4 612404
272 4 2 955500
273 11 4 603520
273 0 8 1771167
273 2 2 615000
273 5 6 109619
273 4 2 744000
274 11 4 612456
274 0 8 1931767
274 2 2 970500
274 5 6 1268457
274 4 2 771000
275 11 4 609039
275 0 8 2077973
275 2 2 966000
275 5 6 1360032
275 4 2 855000
276 11 4 607197
276 18 4 88274
276 0 8 2754856
276 2 2 996000
276 4 2 910500
277 11 4 615296
277 0 8 2039542
277 2 2 225000
277 4 2 238500
278 11 4 608040
278 0 8 2504677
278 2 2 18000
278 4 2 18000
279 11 4 606651
279 0 8 2422647
279 2 2 1500
280 11 4 612352
280 0 8 1855474
280 2 2 199500
280 4 2 349500
281 0 8 1794534
281 2 2 505500
281 3 9 1120500
281 18 4 373937
281 11 4 615608
281 4 2 637500
282 0 8 1799681
282 2 2 541500
282 3 9 2915412
282 9 5 478
282 11 4 612508
282 4 2 1192500
283 0 8 1866949
283 2 2 823500
283 3 9 1699562
283 11 4 612836
283 18 7 40
283 4 2 861000
284 11 4 615296
284 0 8 1876853
284 2 2 738000
284 4 2 432000
285 11 4 611192
285 0 8 2082279
285 2 2 847500
285 4 2 498000
286 11 4 609408
286 0 8 1536407
286 2 2 895500
286 4 2 762000
287 11 4 619602
287 0 8 1669112
287 2 2 921000
287 4 2 708000
288 11 4 434448
288 18 4 85846
288 0 8 1433913
288 2 2 804000
288 4 2 691500
289 11 4 603520
289 18 4 116
289 0 8 958951
289 2 2 816000
289 4 2 735000
290 11 4 609408
290 0 8 705432
290 2 2 346500
290 4 2 270000
291 0 8 1920525
291 2 2 33000
291 3 9 1579500
291 18 4 84517
291 11 4 616959
291 4 2 24000
292 11 4 615504
292 0 8 1857042
292 3 9 2208418
292 4 2 6000
293 11 4 597632
293 0 8 1850744
293 2 2 189000
293 4 2 156000
293 0 5 9859
294 11 4 618396
294 0 8 1906278
294 2 2 826500
294 4 2 966000
295 11 4 612836
295 0 8 1835913
295 2 2 1005000
295 5 6 218450
295 4 2 894000
296 0 8 1897397
296 2 2 1450500
296 18 4 344451
296 5 6 1541421
296 11 4 606464
296 4 2 937500
297 0 8 1894072
297 2 2 1054500
297 4 2 856500
297 11 4 621496
297 5 6 1813493
297 0 5 17869
298 11 4 591744
298 0 8 745578
298 2 2 1035000
298 5 6 1904261
298 4 2 904500
299 11 4 611758
299 2 2 1102500
299 5 6 1831861
299 4 2 954000
300 11 4 609460
300 2 2 1080000
300 5 6 1868174
300 4 2 936000
301 2 2 1090500
301 3 9 867000
301 18 4 84043
301 5 6 1374741
301 11 4 609408
301 4 2 895500
302 11 4 615452
302 2 2 1030500
302 3 9 2713500
302 4 2 1039500
303 11 4 604488
303 2 2 1120500
303 3 9 2340710
303 4 2 982500
304 11 4 612836
304 2 2 472500
304 5 6 345193
304 4 2 456000
304 7 2 964
305 11 4 606260
305 2 2 21000
305 4 2 24000
305 5 6 362703
306 11 4 616140
306 18 4 346528
307 11 4 609616
307 2 2 363000
307 4 2 441000
308 11 4 612508
308 2 2 1006500
308 4 2 1159500
309 11 4 618396
309 2 2 1048500
309 4 2 1333500
310 11 4 434240
310 0 8 735508
310 2 2 1048500
310 4 2 976500
311 11 4 609751
311 0 8 2301681
311 2 2 1030500
311 3 9 49564
311 4 2 973500
312 0 8 1851637
312 2 2 1257000
312 3 9 1814553
312 9 5 478
312 18 4 84007
312 11 4 612888
312 4 2 828000
313 11 4 617856
313 0 8 1455976
313 2 2 916500
313 3 9 1918500
313 4 2 768000
314 11 4 601272
314 0 8 1425515
314 2 2 825000
314 3 9 78713
314 4 2 937500
315 11 4 609742
315 0 8 1834803
315 2 2 1078500
315 13 2 963
315 4 2 687000
316 11 4 607300
316 18 4 353242
316 0 8 1831020
316 2 2 1014000
316 4 2 979500
317 11 4 622960
317 18 4 52
317 0 8 1901307
317 2 2 853500
317 4 2 744000
318 11 4 592440
318 0 8 1646087
318 2 2 445500
318 4 2 396000
319 11 4 609892
319 0 8 1948884
319 2 2 3000
320 11 4 604040
320 0 8 1858114
320 4 2 1500
321 0 8 1887142
321 2 2 193500
321 3 9 796552
321 18 4 85866
321 11 4 619128
321 4 2 196500
322 11 4 603272
322 0 8 1771900
322 2 2 828000
322 3 9 2370000
322 4 2 1104000
323 0 8 1924845
323 2 2 1216500
323 3 9 2588822
323 4 2 832500
323 11 4 618984
323 9 4 518049
324 11 4 609564
324 0 8 1897147
324 2 2 1113000
324 4 2 889500
325 11 4 602532
325 0 8 1830885
325 2 2 1053000
325 4 2 837000
326 11 4 440716
326 18 4 853266
326 0 8 1972331
326 2 2 1038000
326 4 2 1042500
327 11 4 602381
327 0 8 1720135
327 2 2 645000
327 4 2 657000
328 11 4 609408
328 0 8 1685030
328 2 2 592500
328 4 2 808500
329 11 4 615296
329 0 8 1753372
329 2 2 945000
329 5 5 4840
329 4 2 916500
330 11 4 606620
330 0 8 1809569
330 2 2 924000
330 4 2 948000
331 0 8 1805222
331 2 2 1005000
331 3 9 880500
331 18 4 84004
331 4 2 873000
331 11 4 623296
331 5 6 780775
332 0 8 1899469
332 2 2 349500
332 3 9 2049000
332 18 4 52
332 5 6 1831230
332 11 4 609460
332 4 2 388500
333 0 8 1233950
333 2 2 18000
333 3 9 903846
333 5 6 1867596
333 11 4 599312
333 4 2 19500
334 11 4 596212
334 0 8 1887673
334 2 2 16500
334 4 2 13500
334 5 6 1805096
335 0 8 1858807
335 2 2 225000
335 5 5 2450
335 18 4 94286
335 5 6 1086290
335 11 4 604212
335 4 2 456000
336 0 8 1786799
336 2 2 910500
336 5 5 2103
336 18 4 250511
336 5 6 72810
336 11 4 609876
336 4 2 805500
337 11 4 603572
337 0 8 1871695
337 2 2 1008000
337 5 6 425704
337 4 2 976500
338 11 4 428352
338 0 8 1641731
338 2 2 927000
338 5 6 961085
338 4 2 1159500
339 11 4 605332
339 0 8 1880052
339 2 2 1185000
339 4 2 628500
340 11 4 602152
340 0 8 1816051
340 2 2 1006500
340 5 5 4134
340 4 2 777000
341 0 8 966952
341 2 2 1041000
341 3 9 1134000
341 18 4 85134
341 5 6 52
341 11 4 582912
341 4 2 709500
342 0 8 995039
342 2 2 1245000
342 3 9 2728500
342 4 2 931500
342 11 4 612352
342 5 6 762195
343 0 8 1854736
343 2 2 961500
343 3 9 1893698
343 4 2 1033500
343 11 4 612030
343 5 6 583372
344 11 4 603832
344 0 8 1348190
344 2 2 963000
344 4 2 1092000
345 11 4 615660
345 0 8 99120
345 2 2 1131000
345 4 2 982500
346 11 4 615239
346 2 2 408000
346 4 2 412500
347 11 4 613361
347 2 2 3000
347 4 2 3000
348 11 4 588800
348 18 4 1873149
348 2 2 24000
348 4 2 19500
349 11 4 615348
349 18 4 769773
349 2 2 229500
349 4 2 150000
350 11 4 615504
350 2 2 21000
350 4 2 15000
351 11 4 604488
351 2 2 1500
351 3 9 961500
351 4 2 1500
352 11 4 611572
352 9 5 478
352 3 9 2905970
353 11 4 610192
353 18 4 413127
353 2 2 468000
353 4 2 484500
354 11 4 611880
354 18 4 2293310
354 2 2 789000
354 5 5 4305
354 4 2 946500
355 11 4 608510
355 2 2 685500
355 4 2 328500
356 11 4 593216
356 2 2 963000
356 4 2 919500
357 11 4 610880
357 18 4 312100
357 2 2 772500
357 4 2 1360500
358 11 4 618604
358 18 4 2385016
358 2 2 1035000
358 17 5 46802
358 4 2 1045500
359 11 4 612836
359 2 2 1033500
359 17 5 315
359 4 2 1033500
360 11 4 440232
360 2 2 399000
360 4 2 366000
361 11 4 614024
361 0 8 1076306
361 3 9 1048500
361 4 2 3000
362 0 8 569104
362 2 2 40500
362 3 9 2928000
362 17 5 13915
362 4 2 22500
362 11 4 610888
362 5 6 55039
363 0 8 667890
363 2 2 415500
363 3 9 1766182
363 5 6 251273
363 11 4 597645
363 4 2 189000
364 11 4 609408
364 18 4 2689323
364 0 8 620928
364 2 2 927000
364 4 2 1209000
365 11 4 622764
365 18 4 52
365 0 8 1470899
365 2 2 834000
365 4 2 897000
366 11 4 602892
366 0 8 1658755
366 2 2 772500
366 4 2 961500
367 11 4 615832
367 0 8 2193794
367 2 2 771000
367 4 2 1084500
368 0 8 1843170
368 2 2 816000
368 17 5 46131
368 18 4 84864
368 11 4 612612
368 4 2 900000
369 0 8 1519050
369 2 2 871500
369 17 5 2183
369 18 4 52
369 11 4 607052
369 4 2 847500
370 11 4 604408
370 0 8 1722425
370 2 2 612000
370 17 5 25017
370 4 2 729000
371 0 8 1689531
371 2 2 831000
371 3 9 717000
371 4 2 949500
371 11 4 591538
371 5 6 52
372 0 8 1208136
372 2 2 709500
372 3 9 1646223
372 14 2 3480
372 17 5 24113
372 5 6 666493
372 11 4 528448
372 4 2 468000
373 0 8 1844802
373 2 2 1024500
373 3 9 1463423
373 14 2 418
373 18 4 75673
373 4 2 448500
373 11 4 475456
373 5 6 1124720
374 11 4 613972
374 18 4 104
374 0 8 1812042
374 2 2 394500
374 4 2 334500
375 11 4 618276
375 0 8 1763679
375 2 2 1500
375 17 5 7569
375 4 2 1500
376 11 4 608704
376 0 8 2251398
376 2 2 24000
376 4 2 9000
377 11 4 610244
377 0 8 3084862
377 2 2 1500
377 7 5 18843
377 4 2 1500
378 0 8 2447884
378 2 2 495000
378 14 2 157
378 18 4 40519
378 11 4 606148
378 4 2 475500
379 11 4 597468
379 18 4 46529
379 0 8 2481129
379 2 2 693000
379 4 2 649500
380 11 4 613928
380 0 8 1773840
380 2 2 793500
380 17 5 25382
380 4 2 825000
381 11 4 609616
381 0 8 617230
381 2 2 789000
381 3 9 808500
381 4 2 976500
382 0 8 1701131
382 2 2 249000
382 3 9 1857000
382 9 5 478
382 11 4 609408
382 4 2 328500
383 0 8 1399044
383 2 2 1090500
383 3 9 1608000
383 18 4 84072
383 11 4 621114
383 4 2 733500
384 0 8 1827615
384 2 2 1350000
384 3 9 1379574
384 18 4 52
384 11 4 611776
384 4 2 867000
385 11 4 616924
385 0 8 1888489
385 2 2 706500
385 4 2 726000
386 11 4 593216
386 0 8 1770170
386 2 2 867000
386 4 2 981000
387 11 4 606319
387 0 8 1847238
387 2 2 487500
387 4 2 511500
388 11 4 624284
388 18 4 85394
388 0 8 1801930
388 2 2 288000
388 4 2 312000
389 11 4 606672
389 18 4 52
389 0 8 1907187
389 2 2 3000
389 4 2 12000
390 11 4 607988
390 0 8 1422299
390 2 2 1500
391 11 4 613096
391 0 8 1723853
391 2 2 72000
391 3 9 820500
391 4 2 34500
392 11 4 606568
392 0 8 1806366
392 2 2 999000
392 3 9 2850000
392 4 2 702000
393 0 8 1852583
393 2 2 610500
393 3 9 102500
393 18 4 84323
393 11 4 609408
393 4 2 547500
394 11 4 606620
394 0 8 1187342
394 2 2 901500
394 4 2 867000
395 11 4 620404
395 0 8 13500
395 2 2 769500
395 4 2 1111500
396 11 4 609460
396 0 8 16500
396 2 2 637500
396 4 2 513000
397 11 4 618500
397 0 8 1999024
397 2 2 999000
397 4 2 966000
398 0 8 1895412
398 2 2 1233000
398 18 4 1687753
398 4 2 969000
398 11 4 608032
398 5 6 52
399 11 4 614536
399 0 8 1728195
399 2 2 1254000
399 5 6 279959
399 4 2 994500
400 11 4 609616
400 0 8 1965838
400 2 2 1021500
400 5 6 260990
400 4 2 877500
401 11 4 612456
401 0 8 1399782
401 2 2 744000
401 3 9 630000
401 4 2 784500
402 2 2 205500
402 3 9 838500
402 17 5 52
402 4 2 310500
402 11 4 601496
402 5 6 708278
403 11 4 604108
403 4 2 1500
403 2 2 1500
403 3 9 910500
403 5 6 1850287
404 11 4 468252
404 18 4 84375
404 9 5 478
404 3 9 2491500
404 5 6 1989488
405 2 2 60000
405 3 9 1075602
405 15 5 5201
405 5 6 1848723
405 11 4 569976
405 4 2 109500
406 11 4 597788
406 2 2 751500
406 4 2 900000
406 5 6 1866878
407 11 4 608268
407 2 2 865500
407 5 6 1953105
407 4 2 1171500
408 11 4 614032
408 18 4 50677
408 2 2 1072500
408 5 6 1490157
408 4 2 1084500
409 11 4 605416
409 18 4 33205
409 2 2 1041000
409 5 6 1684556
409 4 2 1078500
410 11 4 619712
410 2 2 1020000
410 4 2 1044000
411 11 4 609892
411 2 2 870000
411 5 6 1552
411 4 2 1032000
411 3 9 775500
412 11 4 616236
412 5 6 1630500
412 2 2 990000
412 3 9 3179950
412 4 2 1165500
413 11 4 614772
413 14 2 105
413 2 2 982500
413 5 6 533284
413 4 2 867000
414 11 4 602248
414 18 4 84144
414 2 2 663000
414 5 6 4731787
414 4 2 951000
415 11 4 608480
415 14 2 52
415 2 2 675000
415 4 2 1041000
415 5 6 4410891
416 11 4 618396
416 14 2 52
416 2 2 1005000
416 5 6 1832116
416 4 2 1293000
417 0 8 113078
417 2 2 936000
417 18 4 1012230
417 4 2 1242000
417 6 5 1210
417 11 4 603520
417 5 6 1868539
418 0 8 1890840
418 2 2 922500
418 18 4 487142
418 4 2 1390500
418 11 4 614128
418 5 6 1995232
419 11 4 424819
419 0 8 1622071
419 2 2 1065000
419 5 6 1839934
419 4 2 1348500
420 11 4 614860
420 0 8 1728705
420 2 2 850500
420 5 6 891155
420 4 2 1215000
421 0 8 1927219
421 2 2 732000
421 3 9 853500
421 14 2 105
421 4 2 1323000
421 11 4 614248
421 5 6 1559436
422 0 8 1908135
422 2 2 1003500
422 3 9 3186000
422 4 2 1167000
422 11 4 621284
422 5 6 1685202
423 0 8 1866942
423 2 2 1135500
423 3 9 1633866
423 18 4 85425
423 4 2 916500
423 11 4 599754
423 5 6 1794587
424 0 8 1782333
424 2 2 1110000
424 18 4 52
424 4 2 921000
424 11 4 619136
424 5 6 1850206
425 11 4 609564
425 0 8 1889542
425 2 2 1104000
425 5 6 1868151
425 4 2 1063500
426 11 4 609408
426 0 8 1851833
426 2 2 796500
426 4 2 1047000
426 5 6 1995226
427 11 4 618292
427 0 8 1574883
427 2 2 591000
427 5 6 1813974
427 4 2 628500
428 0 8 1952549
428 2 2 12000
428 18 4 2115727
428 5 6 1883681
428 11 4 605148
428 4 2 3000
429 0 8 1921327
429 2 2 15000
429 18 4 476841
429 5 6 1867381
429 11 4 615296
429 4 2 6000
430 11 4 605728
430 0 8 1950192
430 2 2 139500
430 4 2 43500
430 5 6 1850426
431 11 4 613420
431 0 8 1898660
431 2 2 1017000
431 4 2 649500
431 5 6 1844438
432 0 8 1857337
432 2 2 928500
432 3 9 1935000
432 5 6 1918296
432 11 4 431296
432 4 2 1080000
433 0 8 1975694
433 2 2 1003500
433 3 9 1867766
433 18 4 85777
433 5 6 1863052
433 11 4 616924
433 4 2 726000
434 11 4 615296
434 0 8 1912693
434 2 2 1249500
434 5 6 1849893
434 4 2 1168500
435 11 4 612316
435 0 8 1832111
435 2 2 1263000
435 5 6 1886629
435 4 2 937500
436 0 8 1873548
436 2 2 1387500
436 4 2 1026000
436 18 5 215
436 11 4 612560
436 5 6 1850119
437 0 8 1883484
437 2 2 1159500
437 4 2 1138500
437 11 4 615400
437 5 6 1941165
437 3 5 52
438 0 8 1218305
438 2 2 1482000
438 18 4 87059
438 5 6 1162479
438 11 4 612976
438 4 2 897000
439 11 4 615832
439 0 8 1852704
439 2 2 1273500
439 4 2 1167000
440 11 4 591744
440 0 8 1120948
440 2 2 1059000
440 4 2 963000
441 0 8 193103
441 2 2 433500
441 3 9 748500
441 4 2 546000
441 11 4 613824
441 5 6 91506
442 0 8 554258
442 2 2 12000
442 3 9 3082500
442 5 6 272576
442 11 4 613880
442 4 2 10500
443 0 8 1253521
443 2 2 9000
443 3 9 1766318
443 18 4 85659
443 4 2 19500
443 11 4 611880
443 5 6 1016618
444 0 8 1816925
444 2 2 280500
444 9 5 478
444 18 4 52
444 5 6 1723983
444 11 4 258439
444 4 2 304500
445 0 8 1865359
445 2 2 1101000
445 4 2 952500
446 0 8 1862917
446 2 2 1227000
446 5 6 52
446 4 2 1150500
447 18 4 950635
447 0 8 1476620
447 2 2 681000
447 5 6 354028
447 4 2 924000
448 18 4 736499
448 0 8 1919775
448 2 2 1057500
448 5 6 344140
448 4 2 706500
449 0 8 1661718
449 2 2 1636500
449 4 2 1011000
449 5 6 1776613
450 0 8 1814594
450 2 2 1413000
450 5 6 1867340
450 4 2 951000
451 0 8 1932191
451 2 2 1237500
451 5 6 213185
451 4 2 1000500
451 3 9 897000
452 0 8 1613723
452 2 2 949500
452 3 9 2704500
452 14 2 105
452 18 4 85194
452 5 6 52
452 4 2 1240500
453 5 6 272850
453 0 8 1344938
453 2 2 817500
453 3 9 338582
453 4 2 1111500
454 10 6 295044
454 0 8 1394746
454 2 2 976500
454 4 2 1233000
455 10 6 1557829
455 0 8 42000
455 2 2 861000
455 4 2 1386000
456 10 6 1903092
456 0 8 1500
456 2 2 1212000
456 4 2 981000
457 2 2 895500
457 0 8 604389
457 10 6 1940806
457 14 2 105
457 4 2 897000
458 10 6 872278
458 0 8 1846036
458 2 2 1077000
458 4 2 1315500
459 18 4 2697546
459 0 8 1119289
459 2 2 952500
459 4 2 1015500
459 10 6 272828
460 10 6 1681686
460 2 2 981000
460 4 2 846000
461 10 6 150259
461 2 2 3000
461 3 9 747000
461 4 2 3000
462 2 2 1500
462 10 6 1445666
462 3 9 3306832
462 4 2 1500
463 18 4 847014
463 10 6 1921790
463 3 9 1683922
464 2 2 144000
464 18 4 1765990
464 10 6 1848712
464 4 2 151500
465 10 6 1273527
465 2 2 1312500
465 4 2 805500
466 4 8 681
466 2 2 1069500
466 4 2 832500
466 10 6 1293
467 10 6 215839
467 11 2 4278
467 2 2 892500
467 5 6 52
467 4 2 979500
468 3 2 3226
468 11 2 486
468 2 2 940500
468 5 6 635199
468 4 2 852000
469 4 2 738000
469 2 2 931500
469 14 2 566
469 18 4 85376
469 5 6 658824
469 3 2 2868
470 10 6 192689
470 14 2 105
470 2 2 667500
470 4 2 843000
471 10 6 527458
471 2 2 502500
471 3 9 673500
471 4 2 571500
472 2 2 22500
472 3 9 2628000
472 18 4 59908
472 4 2 30000
472 10 6 752547
472 3 2 2556
473 18 4 2460777
473 11 2 157
473 2 2 3000
473 3 9 425514
473 4 2 1500
474 10 6 52
474 0 8 276845
474 2 2 52500
474 4 2 118500
474 5 6 174905
475 10 6 613588
475 0 8 2801195
475 2 2 661500
475 14 2 157
475 4 2 823500
476 10 6 459738
476 0 8 1567474
476 2 2 1000500
476 4 2 886500
477 10 6 73372
477 0 8 1777040
477 2 2 841500
477 4 2 768000
478 2 2 871500
478 0 8 1552421
478 10 6 271358
478 4 2 552000
478 11 8 209983
479 0 8 1572470
479 2 2 798000
479 18 4 83831
479 10 6 587178
479 11 8 187
479 4 2 667500
480 10 6 52
480 0 8 1505642
480 2 2 967500
480 4 2 978000
481 2 2 646500
481 0 8 419726
481 10 6 212146
481 3 9 610500
481 4 2 366000
482 5 6 622271
482 0 8 1500
482 2 2 864000
482 3 9 2946000
482 4 2 837000
483 5 6 671957
483 2 2 658500
483 3 9 1986666
483 4 2 949500
483 18 4 82907
484 18 4 52
484 9 5 478
484 2 2 748500
484 5 6 224578
484 4 2 663000
485 2 2 439500
485 5 6 296303
485 4 2 417000
486 2 2 3000
486 5 6 147796
486 4 2 6000
487 18 4 841142
487 2 2 9000
487 4 2 4500
488 18 4 412063
488 2 2 123000
488 4 2 81000
488 5 6 207080
489 10 6 218446
489 2 2 798000
489 5 6 15877
489 4 2 826500
490 10 6 217806
490 2 2 1044000
490 4 2 925500
491 2 2 985500
491 3 9 784500
491 4 2 946500
492 10 6 1237
492 3 9 2547000
492 14 2 105
492 18 4 208172
492 2 2 886500
492 4 2 931500
493 2 2 712500
493 3 9 414558
493 18 4 2189679
493 4 2 852000
493 10 6 227685
493 5 6 52
494 2 2 901500
494 5 6 452794
494 4 2 739500
495 2 2 961500
495 4 2 597000
495 5 6 52
496 4 8 135
496 2 2 978000
496 5 6 52
496 4 2 837000
497 14 2 105
497 2 2 1039500
497 5 6 2715
497 4 2 745500
498 18 4 48726
498 2 2 690000
498 5 6 52
498 4 2 531000
499 18 4 1834406
499 2 2 319500
499 5 6 786858
499 4 2 279000
500 5 6 1831618
501 18 4 233299
501 2 2 21000
501 4 2 10500
501 5 6 1976279
501 3 9 822000
502 2 2 133500
502 3 9 3049500
502 18 4 1319094
502 3 2 353
502 5 6 1849262
502 4 2 126000
503 5 6 1393280
503 3 2 83
503 2 2 604500
503 3 9 1911866
503 4 2 688500
504 11 2 157
504 2 2 1039500
504 5 6 1239
504 4 2 813000
505 3 2 83
505 2 2 750000
505 5 6 941287
505 4 2 870000
506 2 2 1062000
506 5 6 1754938
506 4 2 901500
507 18 4 1372133
507 2 2 978000
507 5 6 52
507 4 2 874500
507 10 6 236625
508 10 6 1448931
508 2 2 823500
508 3 2 83
508 4 2 1080000
509 10 6 1830259
509 2 2 709500
509 4 2 610500
510 2 2 919500
510 10 6 1994989
510 4 2 925500
511 10 6 1849511
511 14 2 566
511 2 2 1333500
511 3 9 433500
511 4 2 667500
512 10 6 736171
512 2 2 792000
512 3 9 2799000
512 4 2 991500
512 18 4 1009357
513 18 4 525090
513 14 2 461
513 2 2 210000
513 3 9 625066
513 4 2 591000
514 2 2 13500
514 4 2 31500
515 5 6 52
515 2 2 3000
515 3 2 83
515 4 2 3000
516 18 4 236690
516 14 2 461
516 2 2 175500
516 4 2 280500
516 5 6 617468
517 18 4 826298
517 2 2 1191000
517 5 6 1837155
517 4 2 946500
518 10 6 13913
518 2 2 1059000
518 4 2 1041000
518 5 6 198641
519 10 6 866592
519 2 2 868500
519 7 5 208
519 4 2 1083000
520 2 2 516000
520 10 6 1918722
520 4 2 819000
521 2 2 763500
521 3 9 577500
521 14 2 157
521 18 4 874770
521 10 6 1886710
521 4 2 931500
522 18 4 52
522 2 2 997500
522 3 9 3913669
522 4 2 1210500
522 10 6 1868342
523 10 6 1355777
523 2 2 1302000
523 3 9 1322969
523 4 2 1002000
523 5 5 208
524 9 5 478
524 2 2 939000
524 4 2 876000
525 2 2 451500
525 8 5 414
525 4 2 477000
526 18 4 1069239
526 2 2 819000
526 5 6 1249
526 4 2 1047000
527 2 2 1041000
527 5 6 833475
527 4 2 897000
528 3 2 83
528 2 2 751500
528 5 6 1752234
528 4 2 613500
529 2 2 864000
529 5 6 743780
529 4 2 657000
530 2 2 633000
530 5 6 1813134
530 4 2 921000
531 18 4 83896
531 2 2 552000
531 5 6 1933007
531 4 2 774000
532 2 2 3000
532 4 2 3000
532 5 6 1850142
532 3 9 2379000
533 4 2 15000
533 2 2 12000
533 3 9 1326770
533 5 6 1850200
534 2 2 3000
534 4 2 3000
534 5 6 1886397
535 2 2 480000
535 4 2 418500
535 5 6 404510
536 18 4 562643
536 2 2 793500
536 4 2 619500
537 2 2 576000
537 4 2 771000
538 10 6 268748
538 2 2 840000
538 4 2 705000
538 19 2 11680
539 10 6 1486856
539 2 2 886500
539 13 2 3651
539 4 2 588000
540 10 6 881935
540 2 2 870000
540 13 2 525
540 4 2 792000
540 18 4 124609
541 2 2 867000
541 10 6 1014293
541 3 9 496500
541 4 2 742500
541 18 4 52
542 10 6 1849239
542 2 2 784500
542 3 9 3017844
542 4 2 874500
543 10 6 1813487
543 2 2 553500
543 3 9 2408126
543 4 2 595500
544 10 6 1867439
544 2 2 927000
544 4 2 624000
545 2 2 466500
545 10 6 1417480
545 4 2 184500
546 18 4 85193
546 2 2 3000
546 5 6 1245
546 4 2 1500
547 2 2 7500
547 4 2 1500
547 5 6 579852
548 2 2 136500
548 4 2 64500
548 5 6 1601634
549 10 6 91518
549 2 2 1194000
549 5 6 481255
549 4 2 492000
550 10 6 1421814
550 14 2 105
550 2 2 873000
550 4 2 483000
551 10 6 1008819
551 3 9 220500
551 18 4 76584
551 18 5 40
551 2 2 610500
551 4 2 375000
552 10 6 1254559
552 2 2 502500
552 3 9 2920500
552 4 2 400500
552 18 4 52
553 10 6 1273195
553 2 2 672000
553 3 9 502500
553 4 2 603000
553 9 8 3498
554 10 6 1286756
554 2 2 355500
554 4 2 322500
555 10 6 1317424
555 14 2 105
555 2 2 759000
555 8 5 52
555 4 2 787500
556 2 2 774000
556 10 6 288035
556 4 2 735000
557 18 4 85258
557 2 2 733500
557 5 6 218425
557 4 2 708000
558 2 2 865500
558 5 6 1413842
558 4 2 795000
559 2 2 765000
559 5 6 1049181
559 4 2 796500
560 18 4 85872
560 2 2 738000
560 5 6 113258
560 4 2 511500
561 2 2 19500
561 4 2 15000
561 5 6 1246457
561 3 9 441000
562 2 2 1500
562 9 5 478
562 3 9 3205500
562 5 6 1804902
563 4 2 1500
563 2 2 7500
563 3 9 2162166
563 5 6 1846020
564 2 2 211500
564 4 2 82500
564 5 6 1849152
565 14 8 501
565 5 6 1904076
566 18 4 298089
566 5 6 1903925
567 14 8 52
567 2 2 289500
567 4 2 183000
567 5 6 1867682
568 2 2 832500
568 5 6 1722795
568 4 2 1125000
569 2 2 756000
569 5 6 1813997
569 4 2 657000
570 18 4 340024
570 2 2 706500
570 4 2 870000
570 5 6 1849968
571 18 4 52
571 2 2 699000
571 4 2 705000
571 5 6 1959075
571 3 9 475500
572 5 6 1601556
572 2 2 1008000
572 3 9 3270330
572 4 2 831000
573 2 2 652500
573 5 6 52
573 4 2 664500
574 2 2 357000
574 10 6 258857
574 4 2 429000
575 2 2 3000
575 10 6 471386
575 4 2 3000
576 2 2 13500
576 18 4 85294
576 10 6 1723200
576 4 2 21000
577 2 2 157500
577 10 6 490495
577 4 2 136500
578 2 2 1246500
578 5 6 272905
578 4 2 853500
579 12 2 9301
579 10 6 109623
579 15 5 145724
579 4 2 870000
579 2 2 852000
579 5 6 37146
580 10 6 1250900
580 12 2 1191
580 2 2 1125000
580 4 2 900000
581 10 6 89758
581 2 2 727500
581 3 9 327000
581 4 2 1089000
581 18 4 339384
582 14 8 1875
582 10 6 305757
582 2 2 823500
582 3 9 3477000
582 4 2 784500
583 14 8 1564
583 10 6 663695
583 2 2 759000
583 3 9 1762358
583 4 2 1101000
584 14 8 1729
584 10 6 1178755
584 2 2 966000
584 4 2 952500
585 10 6 47692
585 2 2 819000
585 4 2 820500
586 10 6 238543
586 2 2 918000
586 5 6 1237
586 4 2 892500
586 18 4 370639
587 14 8 52
587 2 2 1167000
587 5 6 942557
587 4 2 798000
588 2 2 405000
588 5 6 648783
588 4 2 463500
589 10 6 122651
589 2 2 3000
589 4 2 1500
590 10 6 204964
590 5 6 52
590 4 2 3000
591 18 4 173291
591 2 2 1500
591 3 9 364500
591 5 6 309430
592 18 4 141215
592 10 5 415
592 2 2 862500
592 3 9 2406000
592 4 2 939000
593 10 5 15028
593 2 2 837000
593 3 9 1122302
593 4 2 897000
594 2 2 900000
594 4 2 742500
595 15 5 52
595 2 2 526500
595 4 2 543000
596 2 2 777000
596 4 2 867000
597 5 6 176028
597 2 2 780000
597 6 5 983
597 4 2 1060500
597 18 4 599927
598 18 4 896157
598 2 2 1161000
598 5 6 203986
598 4 2 735000
599 2 2 942000
599 5 6 52
599 4 2 801000
600 2 2 801000
600 4 2 796500
601 2 2 879000
601 3 9 369000
601 4 2 1090500
602 10 6 363416
602 9 5 478
602 2 2 870000
602 3 9 2901000
602 4 2 1080000
603 2 2 1006500
603 10 6 1494903
603 3 9 2547654
603 4 2 988500
603 9 8 315
604 10 6 414622
604 2 2 1143000
604 4 2 888000
604 18 4 838857
605 18 4 776326
605 2 2 745500
605 4 2 1072500
605 10 6 1704641
606 10 6 1849841
606 2 2 1081500
606 4 2 1005000
607 2 2 775500
607 10 6 1530636
607 4 2 954000
608 2 2 903000
608 4 2 999000
609 18 4 2323835
609 2 2 987000
609 4 2 775500
610 2 2 1158000
610 4 2 958500
611 14 2 105
611 2 2 981000
611 3 9 364500
611 4 2 780000
612 5 6 363619
612 2 2 783000
612 3 9 2584500
612 4 2 994500
612 9 8 3091
613 4 2 865500
613 2 2 481500
613 3 9 874258
613 5 6 1200995
613 9 8 189
614 10 6 414173
614 2 2 775500
614 4 2 1182000
614 18 4 577280
615 18 4 502049
615 2 2 1191000
615 4 2 970500
615 10 6 1794749
616 18 4 347219
616 14 2 105
616 2 2 73500
616 4 2 63000
616 10 6 1813476
617 2 2 6000
617 18 4 242178
617 10 6 1866856
617 4 2 18000
618 18 4 380960
618 10 6 534513
618 4 2 1500
619 2 2 51000
619 18 4 452124
619 10 6 218425
619 4 2 85500
620 2 2 1500
620 18 4 537932
620 10 6 1220170
620 4 2 1500
621 18 4 542160
621 3 9 228000
621 5 6 472434
622 18 4 707992
622 3 9 3344032
622 5 6 1813794
623 4 2 202500
623 18 4 714920
623 2 2 126000
623 3 9 1950210
623 5 6 1886009
624 18 4 523943
624 2 2 207000
624 5 6 1922455
624 4 2 313500
625 18 4 471020
625 2 2 273000
625 4 2 375000
625 5 6 1072817
626 18 4 590736
626 2 2 288000
626 4 2 337500
626 10 6 18950
627 18 4 1194208
627 2 2 243000
627 4 2 498000
627 10 6 1196418
628 2 2 189000
628 18 4 92292
628 10 6 366464
628 4 2 297000
629 10 6 1248678
629 2 2 406500
629 4 2 267000
629 18 4 1926093
630 18 4 749991
630 2 2 450000
630 13 2 105
630 4 2 469500
630 10 6 1831548
631 2 2 553500
631 10 6 529105
631 3 9 217500
631 4 2 378000
632 9 5 478
632 2 2 480000
632 3 9 3596270
632 4 2 181500
633 14 2 105
633 2 2 409500
633 4 2 223500
634 18 4 1819157
634 2 2 73500
634 4 2 46500
634 10 6 52
635 18 4 885061
635 2 2 1500
635 13 2 209
635 4 2 1500
635 10 6 939019
636 2 2 7500
636 10 6 550439
636 5 6 54105
636 4 2 1500
637 2 2 501000
637 4 2 133500
637 5 6 1052432
638 18 4 1106985
638 14 2 105
638 2 2 840000
638 5 6 390371
638 4 2 220500
639 18 4 1614441
639 2 2 349500
639 4 2 352500
640 2 2 384000
640 4 2 505500
641 2 2 454500
641 3 9 268500
641 4 2 720000
642 2 2 498000
642 3 9 3805500
642 4 2 796500
643 2 2 310500
643 3 9 1654402
643 4 2 531000
644 18 4 1398885
644 14 2 157
644 2 2 457500
644 4 2 637500
645 18 4 1277191
645 12 2 135
645 2 2 462000
645 5 6 207055
645 4 2 649500
646 2 2 634500
646 4 2 499500
646 5 6 1359175
646 17 1 363
647 14 2 104
647 2 2 231000
647 5 6 813542
647 4 2 322500
647 17 1 6070609
648 18 4 643106
648 2 2 3000
648 4 2 3000
648 5 6 1849737
648 17 1 3138928
649 18 4 1936635
649 2 2 9000
649 4 2 9000
649 5 6 1830692
650 5 6 1844733
651 2 2 492000
651 4 2 343500
651 5 6 1868597
651 3 9 237000
652 4 2 370500
652 14 2 105
652 2 2 649500
652 3 9 3027000
652 5 6 1850316
653 4 2 568500
653 18 4 2559491
653 2 2 546000
653 3 9 674898
653 5 6 855533
654 18 4 139025
654 2 2 460500
654 4 2 499500
654 10 6 145952
655 10 6 1371956
655 14 2 157
655 2 2 577500
655 4 2 411000
656 10 6 52
656 8 5 80059
656 2 2 498000
656 5 6 300421
656 4 2 538500
657 5 6 1722951
657 2 2 468000
657 4 2 351000
657 8 5 60810
658 18 4 724371
658 2 2 765000
658 4 2 582000
658 5 6 1995197
659 18 2 964
659 18 4 1950235
659 2 2 594000
659 5 6 1678638
659 4 2 436500
660 14 2 105
660 2 2 618000
660 5 6 52
660 4 2 514500
660 15 7 151949
661 10 6 384508
661 2 2 409500
661 3 9 132000
661 4 2 369000
661 15 7 595584
662 10 6 1755339
662 9 5 478
662 2 2 546000
662 3 9 2578500
662 4 2 601500
663 10 6 286657
663 2 2 529500
663 3 9 2856530
663 4 2 625500
663 18 4 248175
664 10 6 1594637
664 2 2 547500
664 4 2 504000
664 18 4 367683
665 2 2 660000
665 18 4 2035165
665 10 6 1669967
665 4 2 336000
666 10 6 1650922
666 2 2 712500
666 4 2 385500
667 2 2 255000
667 10 6 1723351
667 4 2 270000
668 18 4 1784441
668 10 6 1850345
669 2 2 7500
669 18 4 761546
669 10 6 406396
669 4 2 1500
670 2 2 9000
670 10 6 214012
670 6 8 1226469
670 4 2 12000
671 2 2 277500
671 10 6 1650389
671 6 8 2554561
671 4 2 192000
671 3 9 165000
672 2 2 475500
672 10 6 250586
672 3 9 3771000
672 4 2 684000
672 6 8 2769222
673 10 6 1590617
673 2 2 564000
673 3 9 52102
673 4 2 603000
673 6 8 2997093
674 10 6 313291
674 2 2 622500
674 6 8 3045998
674 4 2 472500
674 18 4 2595135
675 2 2 699000
675 6 8 1297045
675 4 2 667500
676 2 2 537000
676 6 8 1676792
676 4 2 472500
677 2 2 577500
677 6 8 1887256
677 4 2 574500
678 18 4 854480
678 2 2 657000
678 6 8 1764072
678 4 2 469500
678 17 1 52
679 18 4 1820053
679 2 2 624000
679 6 8 1832079
679 4 2 583500
679 5 6 417840
680 5 6 1731239
680 2 2 553500
680 6 8 1960948
680 4 2 558000
681 5 6 335626
681 2 2 202500
681 6 8 1808702
681 4 2 207000
681 3 9 70500
682 4 2 1500
682 3 9 4260000
682 5 6 1574361
682 6 8 1860345
683 2 2 1500
683 3 9 1138270
683 6 8 1946134
683 18 4 2544335
683 5 6 1993426
683 4 2 1500
684 4 2 42000
684 18 4 144655
684 2 2 25500
684 6 8 2045398
684 5 6 1832076
685 4 2 523500
685 16 5 363
685 2 2 216000
685 6 8 1957447
685 5 6 1830900
686 2 2 295500
686 16 5 11083
686 7 2 52
686 6 8 1989571
686 4 2 489000
686 5 6 1812602
687 4 2 483000
687 2 2 528000
687 6 8 2057429
687 5 6 1072447
687 7 2 14264
688 2 2 649500
688 16 5 7853
688 7 2 4656
688 6 8 1916565
688 18 4 1061971
688 4 2 429000
688 5 6 109627
689 2 2 600000
689 11 5 17474
689 6 8 1954373
689 18 4 1461341
689 5 6 1378062
689 4 2 474000
690 2 2 394500
690 11 5 458381
690 9 5 1008
690 6 8 1866144
690 4 2 508500
690 10 6 10116
690 5 6 703927
691 2 2 517500
691 3 9 63000
691 7 2 2449
691 6 8 1968575
691 10 6 1267158
691 4 2 466500
692 10 6 1759137
692 3 9 3919882
692 11 5 638
692 6 8 1958768
692 2 2 487500
692 4 2 516000
693 10 6 1832029
693 2 2 550500
693 6 8 1877012
693 4 2 367500
693 18 4 1661676
694 2 2 615000
694 10 6 1868539
694 6 8 1916389
694 4 2 441000
695 10 6 1928907
695 2 2 255000
695 6 8 1933141
695 4 2 235500
695 16 7 6830
696 2 2 6000
696 18 4 480372
696 10 6 1880681
696 6 8 1807778
696 4 2 15000
697 2 2 7500
697 11 5 104
697 10 6 1824156
697 6 8 2410427
697 4 2 9000
698 2 2 27000
698 10 6 1886542
698 6 8 1850009
698 4 2 46500
699 2 2 408000
699 10 6 1850397
699 6 8 1345926
699 4 2 496500
700 2 2 517500
700 10 6 236234
700 6 8 355124
700 4 2 426000
701 10 6 598164
701 2 2 451500
701 6 8 1294234
701 4 2 636000
702 10 6 1490841
702 3 9 3934500
702 6 8 894172
702 2 5 5085
702 2 2 346500
702 4 2 585000
703 10 6 52
703 3 9 1683470
703 6 8 1465950
703 2 5 759
703 18 4 2306764
703 5 6 386745
703 2 2 540000
703 4 2 571500
704 2 2 669000
704 3 9 97452
704 6 8 1853467
704 18 4 191637
704 4 2 657000
704 5 6 1645477
705 5 6 1845346
705 2 2 612000
705 6 8 1402894
705 4 2 532500
705 16 8 1815
706 5 6 1939620
706 2 2 300000
706 6 8 1961000
706 4 2 289500
707 4 2 429000
707 2 2 427500
707 6 8 1798109
707 5 6 1831608
708 2 2 367500
708 5 6 836631
708 4 2 774000
708 6 8 375776
709 18 4 249500
709 2 2 214500
709 6 8 1823396
709 4 2 255000
709 5 6 1245
710 4 2 1500
710 18 4 558433
710 2 2 1500
710 6 8 1731716
710 5 6 1050988
711 4 2 1500
711 18 4 345817
711 2 2 1500
711 6 8 1542440
711 5 6 887501
712 2 2 138000
712 3 9 3453000
712 6 8 1861195
712 18 4 585017
712 8 5 52507
712 4 2 103500
713 18 4 432653
713 2 2 534000
713 6 8 1687393
713 4 2 636000
713 3 9 271042
714 18 4 1815012
714 2 2 610500
714 6 8 1511673
714 4 2 589500
714 5 6 46404
715 4 2 544500
715 18 4 1302640
715 2 2 615000
715 6 8 1936162
715 5 6 833750
716 5 6 1139775
716 8 5 11221
716 2 2 477000
716 6 8 1340353
716 4 2 475500
717 2 2 474000
717 6 8 1048865
717 4 2 544500
718 18 4 2222496
718 2 2 549000
718 6 8 945411
718 4 2 618000
719 18 4 462532
719 2 2 550500
719 6 8 572273
719 4 2 547500
719 5 5 5271
720 2 2 475500
720 6 8 1805756
720 4 2 486000
721 16 7 80
721 2 2 726000
721 6 8 1858084
721 4 2 450000
722 2 2 583500
722 3 9 3065418
722 7 2 80
722 6 8 1827808
722 18 4 1704979
722 4 2 555000
723 2 2 235500
723 3 9 2669512
723 6 8 1791285
723 18 4 979373
723 0 2 1408
723 5 6 52
723 17 1 40
723 4 2 253500
724 2 2 12000
724 6 8 1815850
724 17 5 25190
724 5 6 834703
724 8 5 12578
724 4 2 12000
725 4 2 1500
725 10 6 52
725 6 8 1948440
725 5 6 1109479
726 10 6 599245
726 0 2 156
726 6 8 1828992
727 2 2 1500
727 10 6 1903341
727 6 8 1873532
728 10 6 1849754
728 6 8 1805828
728 4 2 1500
729 18 4 2652114
729 10 6 1831786
729 6 8 1868130
730 2 2 283500
730 10 6 1976887
730 6 8 1850740
730 4 2 235500
731 2 2 582000
731 10 6 1885864
731 6 8 1892958
731 4 2 511500
732 10 6 1831606
732 3 9 3684000
732 6 8 1914856
732 18 4 84386
732 2 2 531000
732 4 2 568500
733 10 6 1596009
733 3 9 196482
733 6 8 1802179
733 18 4 104
733 2 2 741000
733 4 2 334500
734 10 6 1648520
734 2 2 547500
734 6 8 2023859
734 4 2 571500
735 10 6 1831346
735 2 2 333000
735 6 8 1900241
735 4 2 582000
735 18 4 428923
736 2 2 358500
736 18 4 413649
736 10 6 1008590
736 6 8 1960974
736 4 2 453000
737 10 6 1225
737 2 2 327000
737 6 8 1854128
737 4 2 297000
738 2 2 1500
738 10 6 1024296
738 6 8 1881871
738 4 2 1500
739 2 2 24000
739 10 6 796002
739 6 8 1931522
739 4 2 10500
739 5 6 52
740 4 2 96000
740 2 2 201000
740 6 8 1901421
740 5 6 417912
741 18 4 83625
741 2 2 841500
741 5 6 1740496
741 4 2 445500
741 6 8 1723046
742 6 8 1782492
742 2 2 780000
742 4 2 519000
742 5 6 1811750
742 3 9 3730500
743 5 6 1923839
743 2 2 597000
743 6 8 1267125
743 4 2 580500
743 3 9 1788518
744 2 2 613500
744 5 6 1824212
744 4 2 591000
745 16 8 52
745 2 2 754500
745 5 6 1867948
745 4 2 843000
745 6 8 373319
746 4 2 727500
746 18 4 85816
746 2 2 387000
746 6 8 1891002
746 5 6 1922797
747 5 6 1867977
747 2 2 430500
747 6 8 1868913
747 4 2 721500
748 2 2 795000
748 4 2 528000
748 5 6 531043
748 6 8 1872109
749 10 6 103354
749 2 2 583500
749 6 8 1887969
749 4 2 265500
749 5 5 52
750 10 6 1443693
750 2 2 577500
750 6 8 1883094
750 4 2 358500
751 10 6 725042
751 2 2 205500
751 6 8 1875912
751 4 2 180000
751 18 4 960695
752 2 2 1500
752 10 6 1641970
752 6 8 1873681
752 4 2 1500
752 3 9 1669500
753 10 6 1849957
753 3 9 2240230
753 6 8 1766545
753 19 5 1429
753 2 2 3000
753 4 2 1500
754 2 2 240000
754 10 6 1849638
754 6 8 1870011
754 4 2 133500
754 6 9 60
755 2 2 525000
755 10 6 1867155
755 6 8 1697751
755 4 2 421500
756 10 6 1052279
756 2 2 390000
756 6 8 1930213
756 4 2 639000
756 18 4 84196
757 5 6 52
757 2 2 555000
757 6 8 1908319
757 4 2 640500
758 5 6 689783
758 2 2 648000
758 6 8 1930316
758 4 2 538500
759 4 2 597000
759 2 2 507000
759 6 8 1792199
759 5 6 1198785
760 2 2 199500
760 10 6 835143
760 6 8 1865481
760 4 2 255000
760 18 4 787726
761 2 2 663000
761 16 2 60
761 6 8 1374980
761 18 4 52
761 10 6 1867161
761 4 2 525000
762 10 6 1923926
762 2 2 700500
762 6 8 836377
762 4 2 417000
762 3 9 2788500
763 10 6 1600128
763 2 2 531000
763 3 9 2838000
763 4 2 364500
763 6 8 531344
764 2 2 736500
764 3 9 226174
764 4 2 520500
764 6 8 1765154
765 18 4 84007
765 6 5 52
765 2 2 370500
765 6 8 1861205
765 4 2 303000
766 2 2 3000
766 6 8 1939170
766 4 2 1500
767 2 2 21000
767 6 8 1895554
767 4 2 12000
768 2 2 274500
768 10 6 75848
768 6 8 1818285
768 4 2 259500
769 10 6 1012277
769 2 2 930000
769 6 8 1865600
769 4 2 625500
770 2 2 439500
770 10 6 853752
770 6 8 1907460
770 4 2 298500
770 18 4 213499
771 5 6 191370
771 2 2 772500
771 6 8 1734404
771 4 2 819000
772 5 6 1377338
772 2 2 969000
772 6 8 714366
772 4 2 741000
772 3 9 1758000
773 5 6 406480
773 2 2 655500
773 3 9 2187874
773 4 2 927000
773 6 8 1881310
774 2 2 775500
774 6 8 1238329
774 4 2 597000
775 2 2 606000
775 6 8 1580901
775 4 2 549000
775 5 5 127383
776 18 4 78508
776 2 2 550500
776 6 8 1278407
776 4 2 600000
777 2 2 759000
777 6 8 1865425
777 4 2 616500
778 2 2 771000
778 6 8 1915995
778 4 2 681000
778 2 5 382
779 10 6 236463
779 2 2 319500
779 6 8 1887454
779 4 2 169500
780 2 2 3000
780 10 6 1613547
780 6 8 1869388
780 4 2 3000
781 10 6 50589
781 6 8 1711659
781 5 6 149707
781 0 5 30485
782 2 2 105000
782 3 9 2085000
782 6 8 1957182
782 18 4 714494
782 5 6 1303047
782 4 2 64500
782 0 5 187476
783 2 2 756000
783 3 9 3319036
783 6 8 1534922
783 18 4 1131714
783 4 2 435000
783 5 6 1832858
784 4 2 540000
784 2 2 744000
784 6 8 1891089
784 5 6 663505
784 3 9 344426
785 18 4 270966
785 2 2 852000
785 6 8 1899850
785 4 2 598500
786 2 2 628500
786 6 8 1752582
786 4 2 406500
787 7 5 5148
787 2 2 651000
787 6 8 53173
787 4 2 568500
788 2 2 798000
788 4 2 768000
788 16 2 4017
789 2 2 427500
789 4 2 673500
789 16 2 261
790 2 2 775500
790 4 2 555000
791 18 4 84341
791 2 2 642000
791 5 6 55234
791 4 2 486000
791 6 8 21000
792 5 6 954929
792 2 2 573000
792 6 8 742230
792 4 2 580500
792 3 9 1477500
793 10 6 52
793 3 9 2132958
793 6 8 751432
793 4 2 346500
793 2 2 316500
793 5 6 1013289
794 2 2 18000
794 10 6 704345
794 6 8 1091380
794 4 2 10500
795 10 6 1273317
795 6 8 2088997
796 18 4 85648
796 2 2 267000
796 6 8 1520935
796 4 2 172500
797 2 2 771000
797 6 8 1114145
797 4 2 613500
798 2 2 714000
798 6 8 1778245
798 4 2 534000
799 2 2 700500
799 6 8 1813896
799 4 2 768000
800 2 2 712500
800 6 8 1781313
800 4 2 609000
801 18 4 91768
801 2 2 669000
801 6 8 1753929
801 4 2 675000
802 10 6 52
802 2 2 750000
802 6 8 1910640
802 4 2 912000
802 3 9 2520000
803 10 6 707753
803 2 2 793500
803 3 9 2463000
803 4 2 637500
803 6 8 1812660
804 10 6 1441153
804 2 2 792000
804 3 9 981650
804 4 2 637500
804 6 8 1532737
805 10 6 250639
805 2 2 765000
805 6 8 1801153
805 4 2 571500
806 10 6 1632363
