0 1 5 481819
0 16 4 203400
0 10 5 60
0 13 8 5075
1 10 3 60
1 16 4 339040
1 10 5 40
1 13 8 8403
1 1 5 812384
1 10 2 60
2 10 5 40
2 4 3 2616
2 16 4 406880
2 10 3 40
2 13 8 856
2 1 5 693252
2 10 2 40
3 1 5 745524
3 16 4 339000
3 10 5 80
3 13 8 313954
4 18 3 3585388
4 16 4 339040
4 10 3 60
4 13 8 624
4 1 5 834336
4 10 2 60
5 1 5 743880
5 16 4 406840
5 10 5 120
5 13 8 4064
6 1 5 738360
6 16 4 406840
6 10 5 120
6 13 8 208
7 4 3 2471
7 16 4 339000
7 10 5 80
7 13 8 5183
7 1 5 616200
7 10 2 40
8 1 5 845664
8 16 4 406840
8 13 8 2664
9 1 5 851904
9 10 5 40
9 16 4 339000
9 10 3 104
9 13 8 1976
10 1 5 792228
10 16 4 339120
10 13 8 7237
11 1 5 834384
11 16 4 406920
11 10 5 140
11 13 8 5124
12 1 5 808200
12 16 4 339174
12 10 5 80
12 4 3 2606
12 13 8 5970
13 1 5 883800
13 16 4 339040
13 13 8 2821
14 10 3 40
14 16 4 406840
14 10 5 60
14 13 8 5835
14 1 5 910032
14 10 2 40
15 1 5 905292
15 16 4 339000
15 13 8 7162
16 1 5 827172
16 16 4 339080
16 10 5 40
16 4 3 313
16 13 8 5449
17 1 5 904128
17 16 4 406960
17 10 5 40
17 4 3 40
17 13 8 6076
18 4 3 2504
18 18 3 3628802
18 16 4 339000
18 10 5 40
18 13 8 2304
18 1 5 639480
19 10 3 44
19 16 4 339000
19 10 5 60
19 13 8 3082
19 1 5 568092
19 10 2 40
20 1 5 940332
20 16 4 406840
20 10 5 100
20 10 2 40
20 13 8 2493
21 1 5 914148
21 16 4 339040
21 13 8 3322
22 1 5 819768
22 16 4 339000
22 10 5 200
22 4 3 2495
22 13 8 3075
23 1 5 1016124
23 18 3 73
23 16 4 406840
23 10 5 40
23 13 8 2603
24 1 5 761592
24 16 4 339120
24 10 5 40
24 10 2 80
24 13 8 2317
25 1 5 1014528
25 16 4 406800
25 10 5 60
25 10 2 40
25 13 8 156
26 1 5 924744
26 16 4 406920
26 10 5 160
26 13 8 1241
27 1 5 924456
27 16 4 339040
27 10 5 128
27 4 3 2729
27 13 8 1320
28 1 5 790584
28 16 4 339080
28 10 5 40
28 10 2 40
28 13 8 2811
29 1 5 898464
29 16 4 406880
29 13 8 2644
30 1 5 662376
30 16 4 339000
30 10 2 80
30 13 8 2604
31 1 5 822624
31 18 3 3598567
31 16 4 339040
31 10 5 40
31 13 8 2423
32 1 5 857568
32 16 4 407040
32 10 5 80
32 4 3 2633
32 13 8 3806
33 1 5 811104
33 16 4 339000
33 10 5 40
33 10 2 80
33 13 8 2078
34 1 5 818124
34 16 4 339000
34 10 5 40
34 13 8 3811
35 1 5 963756
35 16 4 406960
35 10 5 40
35 13 8 1653
36 1 5 826980
36 16 4 339067
36 10 5 40
36 13 8 1885
37 1 5 933360
37 16 4 339120
37 10 5 80
37 4 3 40
37 13 8 2507
38 1 5 885252
38 16 4 406840
38 10 5 120
38 4 3 2572
38 13 8 2204
39 1 5 941928
39 16 4 339080
39 10 5 40
39 13 8 4436
40 1 5 992700
40 16 4 339040
40 10 5 104
40 10 2 40
40 13 8 1535
41 1 5 857568
41 16 4 406840
41 10 5 40
41 10 2 80
41 13 8 3630
42 1 5 840048
42 16 4 339040
42 4 3 40
42 13 8 1805
43 10 3 40
43 4 3 2535
43 18 3 3635614
43 16 4 339040
43 10 5 140
43 13 8 3808
43 1 5 866376
44 1 5 252300
44 16 4 406840
44 13 8 2739
45 1 5 69744
45 16 4 391926
45 10 5 80
45 13 8 2702
46 1 5 390228
46 16 4 364374
46 10 2 40
46 13 8 2796
47 1 5 594468
47 16 4 344114
47 10 5 40
47 4 3 40
47 13 8 2612
48 1 5 690636
48 16 4 364334
48 4 3 2548
48 13 8 2797
49 1 5 689232
49 16 4 364430
49 10 5 60
49 10 2 40
49 13 8 2816
50 1 5 870780
50 16 4 364414
50 10 5 200
50 13 8 2871
51 1 5 869728
51 18 3 100
51 16 4 364334
51 10 5 80
51 13 8 3705
52 1 5 926925
52 16 4 364334
52 10 5 80
52 4 3 40
52 13 8 1875
53 1 5 805460
53 16 4 248588
53 10 5 120
53 4 3 2995
53 13 8 1024
54 1 5 764448
54 18 3 3516811
54 16 4 67800
54 10 5 120
54 13 8 2722
55 1 5 598536
55 16 4 67800
55 10 5 40
55 13 8 1545
56 1 5 938782
56 16 4 67800
56 10 5 80
56 13 8 3165
57 1 5 891356
57 16 4 67800
57 10 5 40
57 4 3 2549
57 13 8 1213
58 1 5 851664
58 16 4 67800
58 10 5 40
58 10 2 40
59 1 5 780612
59 16 4 67800
59 10 5 100
59 10 2 40
59 13 8 2589
60 1 5 827238
60 16 4 67800
60 10 2 40
60 13 8 2443
61 10 3 40
61 18 3 552404
61 16 4 67800
61 10 5 80
61 13 8 2610
61 1 5 847043
62 10 3 40
62 4 3 2661
62 18 3 2936045
62 16 4 67880
62 10 5 60
62 13 8 2837
62 1 5 775988
63 1 5 918366
63 16 4 135600
63 10 5 40
63 13 8 953
64 1 5 892524
64 16 4 67800
64 10 5 120
64 13 8 2830
65 1 5 952708
65 16 4 40
65 10 5 120
65 10 6 40
65 13 8 3135
66 1 5 803844
66 10 5 200
66 13 8 2486
67 1 5 892320
67 10 5 120
67 10 2 40
67 4 3 2417
67 13 8 2317
68 1 5 867327
68 10 5 40
68 13 8 2415
69 1 5 940996
69 10 5 200
69 13 8 2754
70 1 5 902724
70 13 8 1730
71 1 5 805152
71 13 8 1696
72 1 5 943524
72 10 5 40
72 4 3 2680
72 13 8 2605
73 1 5 709320
73 18 3 1616153
73 1 8 8390
73 10 2 40
73 13 8 2553
74 1 8 1378
74 18 3 1963364
74 10 5 80
74 13 8 2868
74 1 5 716484
74 10 2 60
75 1 5 892512
75 1 8 1378
75 10 5 224
75 10 2 60
75 13 8 3954
76 1 5 952092
76 10 5 40
76 10 2 40
76 13 8 1570
77 1 5 800940
77 1 8 1378
77 10 2 60
77 4 3 2657
77 13 8 2713
78 1 5 985536
78 18 3 82
78 10 5 140
78 10 2 60
78 13 8 1738
79 1 5 933360
79 10 5 40
79 10 3 80
79 13 8 2102
80 1 5 832884
80 0 2 52
80 13 8 1495
81 1 5 963804
81 10 5 204
81 10 2 40
81 13 8 2903
81 1 8 1378
82 1 5 1001508
82 4 3 2513
82 13 8 2213
83 1 5 875088
83 10 5 40
83 13 8 1543
84 1 5 908532
84 10 5 100
84 13 8 5045
85 1 5 704820
85 10 5 120
85 10 2 40
85 13 8 1797
86 1 5 769584
86 10 5 120
86 10 2 40
86 13 8 3536
87 4 3 2612
87 16 4 286
87 10 5 40
87 13 8 2165
87 1 5 818256
87 10 2 40
88 1 5 1048816
88 1 8 1378
88 16 4 1676512
88 10 5 40
88 13 8 1665
89 1 5 761409
89 16 4 673371
89 10 5 40
89 0 2 40
89 13 8 1771
90 1 5 1064785
90 16 4 190629
90 10 5 40
90 10 2 40
90 13 8 3771
91 1 5 1104600
91 16 4 418937
91 10 5 40
91 10 2 40
91 13 8 2149
92 1 5 1136352
92 16 4 3880016
92 4 3 2421
92 13 8 3761
93 10 3 40
93 18 3 58
93 16 4 598358
93 10 5 40
93 13 8 1715
93 1 5 1134948
94 1 5 1063752
94 16 4 420227
94 10 5 120
94 13 8 3730
95 1 5 1146612
95 16 4 335029
95 10 5 120
95 13 8 1022
96 1 5 1112976
96 16 4 454648
96 10 5 120
96 13 8 2522
97 1 5 974940
97 16 4 382212
97 4 3 2595
97 13 8 3166
98 1 5 1117524
98 16 4 359363
98 10 5 40
98 13 8 2923
99 1 5 1217712
99 18 3 118
99 16 4 415250
99 10 5 120
99 13 8 1349
100 1 5 1139496
100 16 4 394109
100 10 5 80
100 10 3 40
100 13 8 2449
101 1 5 908052
101 16 4 394136
101 10 3 40
101 13 8 5315
102 1 5 143784
102 16 4 415250
102 10 2 80
102 4 3 2461
102 13 8 1990
103 1 5 684060
103 16 4 394069
103 10 5 40
103 13 8 3584
104 1 8 1378
104 16 4 416275
104 10 5 124
104 13 8 2598
104 1 5 390372
104 10 2 60
105 1 5 295848
105 16 4 394149
105 10 5 40
105 10 2 100
105 13 8 3414
106 1 5 275136
106 16 4 1409204
106 10 5 120
106 10 3 40
106 13 8 2664
107 4 3 2564
107 16 4 5589536
107 10 5 100
107 13 8 3089
107 1 5 384516
107 10 2 100
108 1 5 406680
108 16 4 3905088
108 13 8 1749
109 1 5 291204
109 16 4 2739071
109 10 3 40
109 13 8 1830
110 1 5 510456
110 16 4 1288356
110 10 5 100
110 10 2 40
110 13 8 3426
111 1 5 1196076
111 16 4 1358133
111 10 2 60
111 13 8 1547
112 4 3 2608
112 18 3 1543824
112 16 4 1274712
112 10 5 40
112 13 8 1819
112 1 5 1066656
112 10 4 40
113 1 5 1130592
113 18 3 5700097
113 16 4 1309354
113 10 5 80
113 13 8 3813
114 1 5 1262820
114 16 4 1249554
114 10 5 164
114 13 8 2608
115 1 5 1158324
115 16 4 1343093
115 10 5 40
115 13 8 1037
116 1 5 1088436
116 16 4 1263808
116 10 2 40
116 13 8 2581
117 1 5 1044972
117 16 4 1317836
117 10 5 40
117 4 3 2545
117 13 8 2544
118 1 5 1204404
118 16 4 1275780
118 10 5 40
118 13 8 2881
119 1 5 1271772
119 16 4 1328366
119 10 5 80
119 10 2 60
119 13 8 2737
120 1 5 839856
120 16 4 1270453
120 10 5 40
120 10 2 40
120 13 8 2593
121 1 5 1110910
121 18 3 307675
121 16 4 1297498
121 10 5 164
121 13 8 2845
122 4 3 2498
122 18 3 3335047
122 16 4 1287098
122 10 5 84
122 13 8 2687
122 1 5 1040549
122 10 2 40
123 1 5 1127832
123 16 4 1213234
123 10 5 40
123 13 8 1091
124 1 5 1212000
124 16 4 1102623
124 10 5 120
124 13 8 2622
125 1 5 1392096
125 16 4 1095249
125 10 5 100
125 10 2 40
125 13 8 2958
126 1 5 1246800
126 16 4 1099907
126 10 5 80
126 10 3 40
126 13 8 3137
127 10 3 44
127 4 3 2385
127 16 4 1155667
127 10 5 80
127 13 8 2141
127 1 5 1196076
127 10 2 160
128 1 5 1079724
128 16 4 1106111
128 10 5 144
128 13 8 3293
129 1 5 1162488
129 16 4 1095153
129 10 5 40
129 13 8 2037
130 1 5 1211904
130 16 4 1026073
130 10 5 120
130 13 8 2215
131 1 5 816384
131 10 5 40
131 16 4 1092424
131 10 3 40
131 13 8 1807
132 1 5 1028664
132 16 4 1134412
132 10 5 160
132 4 3 2376
132 13 8 3304
133 18 3 3906283
133 16 4 1067188
133 10 5 260
133 13 8 1724
133 1 5 1196124
133 10 2 40
134 1 5 1248204
134 10 5 40
134 16 4 1145764
134 10 3 40
134 13 8 1926
135 1 5 1265676
135 16 4 1046568
135 10 5 120
135 13 8 2607
136 1 5 1257012
136 16 4 1104370
136 10 5 84
136 13 8 2586
137 4 3 2622
137 16 4 1124712
137 10 5 120
137 13 8 3404
137 1 5 1113072
137 10 2 80
138 1 5 1220808
138 16 4 1136818
138 10 5 200
138 13 8 2540
139 1 5 1288956
139 16 4 1067715
139 10 5 40
139 13 8 208
140 1 5 1287648
140 16 4 1107441
140 13 8 3307
141 1 5 1148064
141 16 4 1051036
141 10 5 40
141 13 8 891
142 1 5 1075128
142 16 4 1106818
142 10 5 40
142 4 3 2398
142 13 8 3245
143 1 5 1123380
143 16 4 1079192
143 10 5 40
143 13 8 3117
144 1 5 1043088
144 16 4 1043820
144 10 5 100
144 13 8 2467
145 1 5 1350084
145 16 4 884709
145 10 5 40
145 13 8 1230
146 1 5 1120380
146 16 4 901444
146 10 5 80
146 13 8 2381
147 1 5 1102620
147 16 4 902112
147 10 5 144
147 4 3 2529
147 13 8 3259
148 1 5 694080
148 18 3 3806728
148 16 4 904220
148 10 2 40
148 13 8 4331
149 1 5 1132092
149 16 4 701747
149 13 8 939
150 1 5 778824
150 16 4 699296
150 13 8 1056
151 1 5 1123284
151 18 3 64
151 16 4 701604
151 10 5 120
151 13 8 2720
152 1 5 1207692
152 16 4 699321
152 4 3 2564
152 13 8 4014
153 1 5 1120332
153 16 4 699495
153 10 5 84
153 13 8 2445
154 1 5 909504
154 16 4 699562
154 10 5 168
154 10 2 80
154 13 8 2298
155 1 5 826884
155 18 3 3485420
155 16 4 700899
155 10 2 40
155 13 8 2608
156 1 5 980940
156 16 4 698937
156 13 8 2852
157 1 5 1018836
157 16 4 698977
157 10 5 60
157 4 3 2551
157 13 8 2398
158 1 5 985584
158 16 4 631735
158 10 5 100
158 13 8 2629
159 1 5 1062444
159 16 4 701178
159 13 8 2679
160 1 5 1027356
160 16 4 699350
160 10 5 100
160 13 8 2689
161 1 5 1164132
161 16 4 699017
161 10 5 104
161 10 2 100
161 13 8 2872
162 4 3 2470
162 16 4 701457
162 10 5 80
162 13 8 3451
162 1 5 1216500
162 10 2 80
163 18 3 3157394
163 16 4 699430
163 10 5 80
163 13 8 2439
163 1 5 1126332
163 10 2 40
164 10 3 44
164 18 3 434619
164 16 4 703728
164 10 5 80
164 13 8 104
164 1 5 928716
164 10 2 104
165 1 5 1206336
165 16 4 690670
165 10 5 40
165 13 8 1068
166 1 5 931524
166 16 4 711947
166 10 5 40
167 1 5 1000200
167 16 4 690929
167 10 3 40
167 4 3 2532
168 1 5 1094388
168 18 3 94
168 16 4 711891
168 10 5 120
169 1 5 1084032
169 18 3 2009056
169 16 4 691540
169 10 5 60
170 1 5 1142304
170 18 3 1677213
170 16 4 690744
170 10 2 40
171 1 5 1139304
171 16 4 712121
171 10 5 80
171 4 3 312
172 1 5 1203480
172 16 4 622803
172 10 5 60
172 4 3 2463
172 13 8 1364
173 1 5 1100148
173 16 4 690643
173 13 8 1141
174 1 5 1243992
174 16 4 711784
174 10 2 40
174 13 8 3657
175 1 5 1353033
175 16 4 690603
175 10 5 80
175 13 8 937
176 1 5 1083426
176 16 4 691444
176 10 2 80
176 13 8 2610
177 1 5 1127776
177 16 4 711824
177 10 5 80
177 4 3 2418
178 1 5 987053
178 16 4 690643
178 10 5 140
178 10 2 40
179 1 5 1425588
179 18 3 3624780
179 16 4 711784
179 10 5 84
179 10 2 40
180 1 5 1088580
180 16 4 690913
180 10 5 120
180 10 2 80
181 1 5 1172604
181 16 4 690670
181 10 5 180
181 10 2 40
182 1 5 1205940
182 16 4 712081
182 10 5 80
182 4 3 2573
183 1 5 1107017
183 18 3 3552907
183 16 4 690889
183 10 5 184
183 10 2 120
184 1 5 1032352
184 18 3 85706
184 16 4 636148
184 10 5 120
185 1 5 1209096
185 16 4 767014
186 1 5 1170453
186 16 4 622763
186 10 5 60
186 10 3 40
187 1 5 974364
187 18 3 112
187 16 4 690563
187 10 5 40
187 4 3 2593
188 1 5 1063720
188 16 4 711811
188 10 5 40
189 1 5 1071348
189 16 4 690603
189 10 5 124
190 1 5 1050876
190 16 4 711744
190 10 5 60
191 1 5 1088580
191 18 3 3806724
191 16 4 690763
191 10 5 60
191 10 2 40
192 1 5 1152612
192 16 4 690563
192 10 3 88
192 4 3 2509
193 1 5 1095696
193 16 4 711744
193 10 5 100
194 1 5 1168536
194 16 4 690672
194 10 5 104
194 10 2 40
195 1 5 1242684
195 16 4 690563
195 10 5 40
196 1 5 887244
196 16 4 711851
196 10 5 60
196 10 2 40
197 1 5 680916
197 16 4 690726
197 10 5 40
197 10 2 40
197 4 3 2544
198 1 5 1098360
198 16 4 690630
198 10 5 212
199 1 5 1057848
199 16 4 712056
199 10 5 100
199 10 2 80
200 1 5 1004220
200 18 3 3606917
200 16 4 622910
200 10 5 120
201 1 5 900504
201 16 4 690563
201 10 5 44
202 1 5 1114620
202 16 4 711744
202 10 5 180
202 10 2 40
202 4 3 2605
203 1 5 1148064
203 16 4 690563
203 10 5 60
204 1 5 1056540
204 16 4 691005
205 1 5 1058088
205 16 4 711784
205 10 5 60
205 10 2 40
206 1 5 1124736
206 16 4 690643
206 10 5 40
207 1 5 990240
207 16 4 710414
207 4 3 2504
208 1 5 972864
208 18 3 88
208 16 4 688584
208 10 5 80
208 10 2 40
209 1 5 1097388
209 16 4 690643
209 10 5 40
209 10 2 40
210 1 5 1052820
210 16 4 707245
210 10 5 80
211 1 5 1164036
211 18 3 1299952
211 16 4 690873
211 10 5 40
212 1 5 1185624
212 18 3 2299799
212 16 4 686864
212 4 3 2583
213 1 5 1252752
213 16 4 635588
213 10 5 40
214 1 5 1126236
214 16 4 703408
215 1 5 992412
215 16 4 690862
215 10 2 44
216 1 5 1110168
216 16 4 712534
216 10 5 80
216 10 2 40
217 1 5 820308
217 16 4 690699
217 10 5 40
217 4 3 2388
218 1 5 1255560
218 16 4 711744
218 10 5 40
218 10 7 40
219 1 5 1142112
219 16 4 690563
220 1 5 1082580
220 16 4 690563
221 1 5 957276
221 16 4 711744
222 1 5 1137564
222 16 4 690603
222 10 5 40
222 4 3 2385
223 1 5 817548
223 16 4 690683
224 1 5 1112880
224 18 3 79924
224 16 4 711824
225 1 5 1119072
225 18 3 3674279
225 16 4 690956
226 1 5 1223520
226 17 8 2023
226 16 4 690659
226 10 5 120
226 10 3 40
227 1 5 1286052
227 16 4 648352
227 10 3 40
227 4 3 2405
228 1 5 1146612
228 16 4 686726
228 10 5 40
229 1 5 1223712
229 16 4 691465
230 1 5 1213596
230 16 4 712016
230 10 5 40
230 10 2 160
231 1 5 1155276
231 16 4 691141
231 10 5 120
232 1 5 1111476
232 16 4 687895
232 10 5 128
232 4 3 2528
233 1 5 1129188
233 16 4 712197
233 10 5 60
234 1 5 1169988
234 16 4 690563
234 10 5 44
235 1 5 1187316
235 16 4 711744
235 10 5 40
236 1 5 1225068
236 16 4 690643
236 10 5 60
236 10 2 84
236 10 6 40
237 1 5 912264
237 16 4 687703
237 10 5 80
237 4 3 2530
238 1 5 864252
238 16 4 711824
239 1 5 1015644
239 16 4 688232
239 10 5 40
239 10 2 40
240 1 5 1111524
240 18 3 3502874
240 16 4 690603
240 10 5 40
241 1 5 1142256
241 18 3 125902
241 16 4 635873
241 17 8 58
241 10 2 40
242 1 5 957468
242 16 4 699232
242 10 5 40
242 4 3 2600
243 1 5 1166544
243 10 5 120
243 16 4 691132
243 10 3 44
244 1 5 955915
244 16 4 712139
245 1 5 922764
245 18 3 84
245 16 4 691074
246 1 5 1031904
246 16 4 711851
246 10 5 60
247 1 5 1094148
247 16 4 690670
247 10 5 40
247 10 2 40
247 4 3 2438
248 1 5 1190124
248 16 4 690563
249 1 5 941736
249 16 4 711744
249 10 5 120
249 10 2 40
250 1 5 808104
250 16 4 690643
250 10 5 40
251 1 5 1113168
251 16 4 690563
251 10 2 40
251 13 8 52
252 1 5 1076724
252 18 3 3678894
252 16 4 711744
252 10 5 60
252 4 3 2723
253 1 5 925476
253 16 4 690563
253 10 5 40
253 10 2 40
254 1 5 1047444
254 16 4 690563
255 1 5 1229568
255 16 4 711744
255 10 5 140
255 10 2 40
256 1 5 1028616
256 16 4 623031
257 1 5 1168488
257 16 4 712083
257 10 2 40
257 4 3 2530
258 1 5 1227972
258 16 4 690985
258 10 5 60
259 1 5 1163988
259 16 4 690918
259 10 5 80
260 1 5 1133544
260 16 4 712311
260 10 2 40
261 1 5 1236588
261 16 4 690822
261 10 5 80
262 1 5 1179864
262 16 4 690831
262 10 5 40
262 4 3 2360
263 1 5 1149420
263 16 4 711824
263 10 5 40
263 10 2 80
264 1 5 1012932
264 16 4 690563
264 10 5 44
264 10 2 40
264 10 6 60
265 1 5 961824
265 18 3 3669325
265 16 4 690603
265 10 5 80
266 1 5 1073676
266 16 4 711784
266 10 6 60
267 1 5 1046088
267 16 4 690603
267 10 5 140
267 4 3 2415
268 1 5 1034664
268 16 4 690563
268 10 2 80
269 1 5 1082436
269 16 4 644024
269 10 5 80
270 1 5 1152468
270 16 4 690632
270 10 5 140
270 10 6 60
271 1 5 1053732
271 16 4 711927
271 10 5 160
272 1 5 1142208
272 18 3 84
272 16 4 690679
272 10 5 40
272 4 3 2768
273 1 5 1191576
273 16 4 690833
273 10 5 80
274 1 5 1039212
274 16 4 712070
274 10 5 244
275 1 5 1174248
275 16 4 690659
275 10 5 80
275 10 2 80
276 1 5 1128756
276 18 3 3666785
276 16 4 689452
276 10 5 40
277 1 5 740544
277 16 4 711907
277 10 5 80
277 4 3 2545
278 1 5 192960
278 16 4 690603
278 10 5 80
279 1 5 895812
279 16 4 691206
279 10 5 80
279 10 2 40
280 1 5 1225212
280 16 4 711824
280 10 2 40
281 1 5 1107360
281 16 4 690563
281 10 5 80
282 1 5 967824
282 18 3 3878711
282 16 4 711744
282 10 2 40
282 4 3 2631
283 1 5 1031760
283 16 4 622763
283 10 5 80
283 10 2 40
284 1 5 893772
284 16 4 690748
284 10 5 80
284 10 2 40
285 1 5 1025808
285 16 4 711744
285 10 5 128
286 1 5 1156776
286 16 4 690603
286 10 2 80
287 1 5 1034410
287 16 4 690563
287 10 5 40
287 10 2 40
287 4 3 2676
288 1 5 876619
288 16 4 712052
288 10 2 40
289 1 5 1040611
289 16 4 690900
289 10 2 40
290 1 5 1008632
290 16 4 690889
290 10 5 84
290 13 8 5354
291 1 5 853906
291 18 3 3573261
291 16 4 712953
291 10 5 80
291 13 8 274
292 1 5 919421
292 16 4 690563
292 4 3 2660
292 13 8 274
293 1 5 984720
293 16 4 690563
293 10 2 40
294 1 5 997696
294 18 3 63
294 16 4 670015
294 10 5 40
294 10 2 80
295 1 5 1062348
295 16 4 487163
295 10 5 80
295 10 2 80
296 1 5 1005528
296 16 4 508344
296 10 3 40
297 1 5 1044828
297 16 4 487203
297 10 5 40
297 4 3 2586
298 1 5 1028328
298 16 4 487163
299 1 5 992412
299 16 4 487203
299 13 8 990
300 1 5 1056179
300 16 4 508384
300 10 5 84
301 1 5 1010284
301 16 4 488044
302 1 5 1007717
302 18 3 3663999
302 16 4 508344
302 4 3 2542
303 1 5 1024285
303 16 4 487163
304 1 5 997258
304 16 4 487163
305 1 5 1104965
305 16 4 508344
305 10 5 120
306 1 5 828096
306 16 4 487163
306 10 2 40
307 1 5 414288
307 16 4 487203
307 4 3 2457
308 1 5 738264
308 16 4 508344
308 10 5 80
309 10 3 60
309 4 3 316
309 16 4 487163
309 10 5 80
309 1 5 1033212
309 10 2 84
310 1 5 1094244
310 16 4 508344
310 10 5 40
310 10 2 40
311 1 5 976728
311 16 4 487163
311 10 5 120
312 1 5 876300
312 16 4 487203
312 10 3 60
312 4 3 2566
313 1 5 880896
313 16 4 508424
313 10 5 44
313 4 3 390
314 1 5 886752
314 16 4 487163
314 10 5 40
315 1 5 1024452
315 16 4 487163
315 10 5 40
315 10 2 80
315 10 3 44
316 1 5 977556
316 18 3 3567103
316 16 4 508384
316 10 5 40
317 1 5 1113360
317 16 4 487163
317 10 5 40
317 10 2 40
317 4 3 2657
318 1 5 986652
318 16 4 487163
318 10 5 80
319 1 5 690792
319 16 4 508344
320 1 5 1009980
320 16 4 487163
320 10 5 40
321 1 5 960420
321 16 4 488613
321 10 5 40
321 10 6 60
322 1 5 1136544
322 18 3 66
322 16 4 506894
322 10 5 40
322 4 3 2633
323 1 5 1143900
323 16 4 487163
323 10 5 40
323 10 3 40
324 1 5 1028856
324 18 3 752019
324 16 4 487163
324 10 5 40
324 10 6 60
325 1 5 1027356
325 18 3 2958263
325 16 4 508344
325 10 5 40
326 1 5 967968
326 16 4 487163
327 1 5 1015884
327 16 4 508344
327 10 5 40
327 4 3 2525
328 1 5 1133544
328 16 4 487163
328 10 3 40
329 1 5 956304
329 16 4 487163
329 10 5 40
329 10 2 40
330 1 5 1151208
330 16 4 508384
331 1 5 1108860
331 10 5 40
331 16 4 487163
331 10 3 80
332 1 5 940044
332 16 4 487163
332 10 2 40
332 4 3 2681
333 1 5 993960
333 16 4 508344
333 10 5 84
334 1 5 995364
334 16 4 487203
334 10 5 84
335 1 5 1002432
335 16 4 487163
336 1 5 716988
336 16 4 508384
336 10 2 80
337 1 5 393048
337 18 3 3975195
337 16 4 487163
337 10 5 40
337 4 3 2558
338 1 5 167604
338 16 4 508344
338 10 5 120
338 10 2 40
339 1 5 431040
339 16 4 487163
340 1 5 818676
340 16 4 487163
340 10 5 40
341 1 5 768096
341 16 4 508344
342 1 5 708855
342 16 4 487163
342 10 5 40
342 4 3 2613
343 1 5 737508
343 16 4 487243
344 1 5 649272
344 16 4 508344
344 10 5 40
344 10 2 40
345 1 5 993720
345 16 4 487203
345 10 5 120
346 1 5 474144
346 18 3 2251515
346 16 4 487163
346 10 2 40
347 10 3 44
347 4 3 2495
347 18 3 1453212
347 16 4 508344
347 10 5 40
347 1 5 658596
348 1 5 754044
348 16 4 394236
348 10 5 100
349 1 5 949140
349 10 5 40
349 10 2 40
350 1 5 937428
351 1 5 1084320
351 10 5 220
351 10 2 40
352 1 5 1026096
352 10 5 40
352 4 3 2411
353 1 5 1043472
353 10 5 180
354 1 5 990912
354 10 5 40
354 10 3 80
355 1 5 948708
355 10 3 40
355 10 5 80
356 1 5 985248
356 10 5 100
357 1 5 1068060
357 10 3 40
357 10 5 140
357 4 3 2511
358 1 5 1099716
358 13 8 126
359 1 5 921072
360 1 5 984960
360 18 3 3682797
360 10 5 100
360 10 2 40
361 1 5 1038924
361 10 5 40
362 1 5 1053588
362 10 5 40
362 10 3 44
362 4 3 2427
363 1 5 1073964
363 10 5 180
364 1 5 1124832
364 10 5 60
365 1 5 1154723
365 10 5 120
366 1 5 1100260
367 1 5 1091340
367 10 5 100
367 4 3 2592
367 10 4 40
368 1 5 1136400
368 10 3 40
368 10 5 240
369 1 5 983604
369 10 5 100
369 10 2 40
370 1 5 1223758
370 10 5 40
371 1 5 1161557
371 10 5 120
372 1 5 1126284
372 10 5 100
372 4 3 2525
373 1 5 1186008
373 18 3 3566400
373 10 5 40
374 1 5 984372
375 1 5 936132
376 1 5 1146516
376 10 5 40
376 10 2 40
377 1 5 1133400
377 10 5 40
377 10 3 44
377 10 2 40
377 4 3 2498
378 1 5 1235347
378 10 3 44
379 1 5 1156720
379 18 3 102
379 10 5 160
380 1 5 1329708
380 10 5 40
380 10 2 40
381 1 5 1190268
381 10 5 80
381 10 3 84
382 1 5 1123236
382 18 3 3607582
382 10 5 80
382 4 3 2479
383 1 5 1026000
383 10 5 80
383 10 2 40
384 1 5 1047732
384 10 3 60
384 10 5 40
385 1 5 1054752
385 10 5 176
386 1 5 1111716
386 10 5 40
387 1 5 1031808
387 10 5 44
387 10 2 40
387 4 3 2373
388 1 5 1188720
388 10 5 120
388 10 3 44
389 1 5 1132044
389 10 5 80
390 1 5 1238040
390 18 3 3500278
390 10 3 40
390 10 5 40
391 1 5 1087032
391 10 5 40
392 1 5 1172652
392 10 5 160
392 4 3 2542
393 1 5 1145016
393 10 5 124
394 1 5 1015692
394 10 3 40
395 1 5 1094244
395 10 5 120
396 1 5 1078176
396 10 5 40
396 10 3 40
396 10 2 40
397 1 5 1091244
397 10 5 60
397 10 2 40
397 4 3 2450
398 1 5 1185624
398 10 5 40
399 1 5 1147968
399 18 3 3777126
399 10 3 44
399 10 5 120
399 10 2 40
400 1 5 1120476
400 10 5 100
400 10 6 40
401 1 5 1012548
402 1 5 1130496
402 4 3 2636
403 1 5 1046232
403 18 3 3569337
404 1 5 1063848
404 10 5 60
404 10 7 40
405 1 5 911244
405 10 5 40
405 2 3 4923
406 1 5 862944
406 10 5 180
406 2 3 40
407 1 5 1158132
407 10 5 160
407 4 3 2687
408 1 5 1149372
408 10 5 44
409 1 5 1002392
409 10 2 40
410 1 5 898732
410 10 5 200
411 1 5 968662
411 10 5 80
412 1 5 882050
412 18 3 2914986
412 10 5 120
412 4 3 2565
413 1 5 896348
413 18 3 688572
413 10 5 100
413 10 3 44
413 16 4 237
414 1 5 857732
414 10 5 120
414 10 2 40
415 1 5 890629
415 10 5 40
415 10 2 40
416 1 5 926544
416 10 5 140
416 13 8 86
417 1 5 1151404
417 10 5 40
417 10 6 52
417 4 3 2714
418 1 5 1128996
419 1 5 950352
419 18 3 105
419 10 5 40
419 10 2 80
420 1 5 964292
420 10 5 40
420 10 6 52
421 1 5 997312
421 10 2 40
422 1 5 1172383
422 18 3 3556521
422 10 5 40
422 10 2 40
422 4 3 2723
423 1 5 1053636
423 10 5 204
424 1 5 964340
425 1 5 1078224
426 1 5 1248111
426 10 5 84
426 10 6 52
427 1 5 1111860
427 10 5 40
427 4 3 2583
428 1 5 1076820
429 1 5 1026000
429 10 5 40
430 1 5 1017288
430 10 5 80
431 1 5 1105908
431 4 3 352
432 1 5 1178604
432 10 5 40
432 4 3 2749
433 1 5 1267272
433 10 3 80
434 1 5 1082724
434 10 5 40
434 10 2 40
435 1 5 1188720
435 10 5 120
435 10 2 40
436 1 5 1214856
436 18 3 3541975
436 10 5 80
436 4 3 390
437 1 5 1306380
437 10 5 88
437 4 3 2612
438 1 5 1251252
439 1 5 1223520
439 10 5 200
439 4 3 552
440 1 5 1255656
440 10 5 80
440 10 2 40
441 1 5 1342680
441 10 5 120
442 1 5 1283340
442 10 5 40
442 10 2 80
442 4 3 2652
443 1 5 1249704
443 10 2 80
443 4 3 792
444 1 5 1246704
444 10 5 184
445 1 5 1092456
445 10 5 120
446 1 5 1235088
446 10 5 120
447 1 5 1070916
447 10 3 40
447 10 5 60
447 4 3 2710
448 1 5 1207644
448 18 3 3635071
448 10 5 80
449 1 5 1168008
449 10 3 240
449 10 5 40
450 1 5 976488
450 10 5 40
450 10 3 44
450 10 2 40
451 1 5 1302120
451 10 5 80
451 2 3 52
452 1 5 1278936
452 7 2 3526
452 4 3 2682
453 1 5 1206096
453 7 2 15052
453 10 5 40
453 10 2 40
454 1 5 1181220
454 7 2 340500
454 10 5 164
454 10 2 40
455 1 5 1105620
455 7 2 933000
455 10 5 40
456 1 5 1215000
456 7 2 3205500
457 1 5 1227780
457 7 2 311041
457 10 2 40
457 4 3 2618
458 1 5 1350036
459 1 5 1190364
459 10 2 40
460 1 5 1209048
460 10 5 44
461 7 2 657
461 10 5 80
461 18 3 1938657
461 10 3 44
461 1 5 1262820
461 10 2 120
462 1 5 1322496
462 18 3 1688507
462 7 2 148
462 4 3 2534
463 1 5 1351536
463 7 2 149
463 10 5 80
463 10 2 40
464 1 5 1133352
464 7 2 149
464 10 5 80
464 10 2 160
465 1 5 1030164
465 7 2 3529
465 10 5 44
466 1 5 1124592
466 7 2 4028
466 10 5 140
467 1 5 1148064
467 7 2 4050
467 10 5 40
467 4 3 2591
468 1 5 1286100
468 7 2 4050
468 10 2 40
469 1 5 1245300
469 7 2 223536
469 10 5 120
469 13 8 80
470 1 5 1130640
470 7 2 2536552
470 10 2 40
471 1 5 1073724
471 7 2 4099604
471 10 5 84
471 10 2 120
472 1 5 1131948
472 7 2 4020052
472 10 3 40
472 10 5 100
472 4 3 2451
473 1 5 993240
473 7 2 4057604
474 1 5 1123476
474 7 2 3862708
474 10 3 40
474 10 5 80
474 18 3 236683
475 1 5 944832
475 18 3 3326802
475 7 2 4260156
475 10 5 100
475 10 4 40
476 1 5 972132
476 7 2 4192604
476 10 2 40
477 7 2 4102552
477 1 5 1177104
477 4 3 2373
477 10 6 40
478 7 2 4237604
478 1 5 1057800
478 10 5 140
478 10 2 120
479 1 5 1259964
479 7 2 4065156
479 10 5 128
480 1 5 1108428
480 7 2 4042656
480 10 5 40
480 10 2 80
481 1 5 1223664
481 7 2 3862552
481 10 5 80
482 1 5 1207740
482 7 2 4252656
482 10 5 40
482 10 2 40
482 4 3 2498
483 1 5 1114524
483 7 2 4245104
483 10 5 40
483 18 3 72
484 1 5 1271628
484 7 2 4058020
484 10 5 120
485 1 5 933072
485 7 2 4073904
485 10 5 40
486 1 5 1281890
486 7 2 4126664
487 1 5 909625
487 7 2 3972476
487 10 5 40
487 4 3 2664
487 18 3 1596789
488 1 5 1063800
488 18 3 2046244
488 7 2 4253852
488 10 5 40
488 10 2 40
489 1 5 1222212
489 7 2 4321872
489 10 5 40
490 1 5 1218125
490 7 2 4322288
490 10 5 40
491 1 5 1021990
491 7 2 4119268
491 10 5 80
492 1 5 1072264
492 7 2 4071372
492 4 3 2640
493 1 5 1168344
493 7 2 3781196
493 10 2 40
494 1 5 1116784
494 7 2 4260476
494 10 5 80
494 10 2 40
494 10 6 40
495 7 2 4283748
495 1 5 1148112
495 10 5 40
496 1 5 1162632
496 7 2 4322444
496 10 5 80
496 2 3 52
497 1 5 915264
497 7 2 4143476
497 10 5 120
497 4 3 2633
498 1 5 1242588
498 7 2 3678788
498 10 2 80
498 18 3 254137
499 1 5 1143708
499 18 3 3336720
499 7 2 4322704
499 10 5 44
500 1 5 1140564
500 7 2 4163444
500 10 5 80
501 1 5 1223328
501 7 2 4235444
501 10 5 120
502 1 5 1143516
502 7 2 4321748
502 10 5 100
502 4 3 2682
503 1 5 1239636
503 7 2 4231848
503 10 5 184
503 10 2 40
504 1 5 1105956
504 7 2 3661820
504 10 5 40
505 7 2 4239892
505 1 5 1110216
505 10 5 180
505 10 2 80
506 1 5 1267176
506 7 2 4267152
506 10 5 100
507 7 2 4151548
507 1 5 1211856
507 10 5 40
507 10 2 40
507 4 3 2486
508 1 5 1076676
508 7 2 4315256
508 10 5 120
508 10 6 60
509 1 5 1248444
509 7 2 3751012
509 10 3 40
510 1 5 1200432
510 7 2 3946640
510 10 5 92
511 7 2 3615364
511 10 5 60
511 18 3 3997610
511 10 3 40
511 1 5 1188672
511 10 6 60
512 1 5 1203336
512 7 2 4320364
512 10 5 144
512 4 3 2633
513 1 5 1039068
513 7 2 4335468
513 10 5 176
514 1 5 909888
514 7 2 4328124
514 10 5 200
515 1 5 1094148
515 7 2 4320624
515 10 5 80
516 1 5 1091532
516 7 2 4320936
516 10 3 40
516 10 2 40
517 1 5 1021644
517 7 2 3306728
517 10 5 140
517 10 2 40
517 4 3 2429
518 7 2 4269936
518 1 5 1066171
518 10 2 40
519 1 5 1038520
519 7 2 4327092
520 1 5 1076383
520 7 2 4321196
520 10 5 84
520 10 3 60
520 10 2 40
521 1 5 1060992
521 7 2 4315092
521 10 3 88
522 1 5 1150672
522 7 2 4321456
522 10 5 40
522 10 2 40
522 4 3 2434
523 1 5 1148160
523 7 2 4006040
523 10 3 60
523 18 3 3605351
524 1 5 890340
524 7 2 3562004
524 10 2 40
525 1 5 1052280
525 7 2 4322368
525 10 5 80
526 1 5 1225020
526 7 2 4320988
526 10 5 84
527 1 5 922788
527 7 2 4321092
527 10 5 40
527 4 3 2652
528 1 5 917325
528 7 2 4320988
528 10 5 80
529 1 5 1020328
529 7 2 4118696
529 10 5 100
530 1 5 1209048
530 7 2 3788436
530 10 3 44
531 7 2 3975936
531 1 5 1231552
531 10 5 44
532 1 5 1183008
532 7 2 4321456
532 10 5 180
532 4 3 2520
533 1 5 907956
533 7 2 4321300
533 10 5 80
534 1 5 1163748
534 7 2 4320988
534 10 5 84
534 10 2 40
534 18 3 3440262
535 1 5 1201788
535 18 3 103999
535 7 2 4118176
535 10 5 44
535 10 6 40
536 7 2 4064384
536 1 5 1015260
536 10 5 224
536 10 2 40
537 7 2 3700092
537 1 5 1267176
537 10 3 40
537 10 5 40
537 4 3 2710
538 1 5 1192884
538 7 2 4286800
538 10 5 100
538 10 2 40
538 18 3 111
539 1 5 770796
539 7 2 4320780
539 10 5 100
539 10 2 40
540 1 5 1245156
540 7 2 4320884
540 10 5 40
540 10 2 40
541 1 5 1257156
541 7 2 4321352
541 10 5 60
541 10 3 40
541 2 3 52
542 1 5 1150346
542 7 2 4118488
542 10 5 44
542 4 3 2424
542 18 3 3190637
543 1 5 1140276
543 18 3 397517
543 7 2 3478508
544 7 2 4292176
544 1 5 1110024
545 1 5 1159872
545 7 2 4321196
545 10 5 60
545 10 2 40
546 1 5 991529
546 7 2 2610607
546 10 5 40
547 1 5 1008742
547 10 5 40
547 10 2 40
547 4 3 2445
548 1 5 1107145
548 10 6 60
549 1 5 1122072
549 10 5 80
550 1 5 946188
550 7 2 52
550 10 5 60
551 1 5 867588
551 7 2 104
551 10 5 100
551 10 2 120
551 10 6 60
552 1 5 1092840
552 10 5 80
552 4 3 2602
553 1 5 1092744
553 10 5 60
554 1 5 1139208
554 10 5 140
554 10 2 40
555 1 5 509052
555 18 3 3678851
556 1 5 281916
557 1 5 659568
557 10 3 40
557 4 3 2552
558 1 5 870444
558 10 5 40
558 10 2 60
559 1 5 944736
559 15 4 4043823
560 15 4 5353963
560 1 5 1002672
560 9 2 5317
560 10 5 60
561 15 4 474680
561 1 5 463704
561 9 2 6458
561 10 2 60
562 1 5 1120524
562 15 4 678426
562 10 5 168
562 10 2 80
562 4 3 2672
563 1 5 928044
563 15 4 542440
563 10 5 160
563 10 2 40
564 1 5 876108
564 15 4 610240
564 10 2 40
564 4 8 5537
565 1 5 1021692
565 15 4 542480
565 10 5 140
566 1 5 1009932
566 15 4 542654
566 10 5 60
567 1 5 850800
567 15 4 678174
567 10 5 80
567 4 3 2524
568 1 5 1112976
568 15 4 542534
568 10 5 172
568 10 2 120
568 18 3 1254523
569 1 5 1039116
569 18 3 2356905
569 10 5 100
569 15 4 610320
569 10 2 40
570 1 5 1148208
570 15 4 542654
570 10 5 88
571 1 5 890196
571 15 4 610320
571 9 2 52
571 10 5 236
571 10 2 40
572 1 5 954420
572 15 4 543074
572 10 5 60
572 4 3 2398
573 1 5 1104456
573 15 4 610320
573 10 5 80
574 1 5 1046232
574 15 4 546750
574 10 3 100
574 10 5 40
575 1 5 1017048
575 15 4 538224
575 10 5 100
576 1 5 1095648
576 15 4 610240
576 10 5 40
577 1 5 826068
577 15 4 542400
577 10 5 52
577 10 3 60
577 4 3 2568
578 1 5 1210308
578 15 4 610200
578 10 5 40
579 1 5 1272984
579 15 4 678120
579 10 5 40
579 10 2 40
580 1 5 1238232
580 15 4 474640
580 10 2 40
581 1 5 969228
581 15 4 610240
581 9 2 52
581 10 2 40
582 1 5 1040712
582 15 4 610280
582 10 5 120
582 10 3 44
582 4 3 2744
583 1 5 662964
583 15 4 542998
583 10 5 100
583 10 2 40
583 18 3 69
584 1 5 1033164
584 15 4 3232280
585 15 4 4759825
585 1 5 340428
585 10 5 40
586 1 5 805884
586 10 3 40
586 10 5 60
586 15 4 3280473
586 2 3 52
586 10 2 40
587 15 4 3890140
587 1 5 762324
587 10 5 80
587 10 2 80
587 4 3 2549
588 1 5 1057896
588 15 4 1288559
588 10 5 40
589 1 5 1209096
589 15 4 1492675
590 1 5 1089984
590 15 4 1288628
590 10 3 40
590 10 5 40
591 15 4 1356808
591 9 2 52
591 18 3 120
591 10 5 40
591 1 5 893724
591 10 2 40
592 1 5 1036116
592 15 4 1366597
592 10 2 160
592 4 3 2459
593 1 5 1001172
593 15 4 1187676
593 10 5 100
593 10 3 44
594 1 5 1004268
594 15 4 1085518
594 10 5 80
594 10 2 40
595 1 5 1027212
595 15 4 1085398
595 10 5 40
596 1 5 892080
596 15 4 977003
596 10 5 140
597 1 5 880464
597 15 4 1195590
597 10 5 120
597 4 3 2521
598 15 4 1084960
598 1 5 906312
598 10 5 100
599 1 5 957660
599 15 4 1152934
599 10 5 60
599 10 2 84
600 1 5 799296
600 15 4 1017397
600 10 2 40
601 15 4 1084947
601 1 5 652212
601 9 2 52
601 10 5 60
602 1 5 950256
602 15 4 1085130
602 10 5 180
602 4 3 2399
603 1 5 938784
603 15 4 1017334
603 10 5 100
603 10 2 40
604 1 5 1076916
604 15 4 1105110
604 10 3 44
604 10 5 60
605 1 5 1079820
605 15 4 953681
605 10 5 120
605 10 2 40
606 1 5 1002672
606 15 4 745920
606 10 5 100
606 4 3 313
607 1 5 602316
607 15 4 949360
607 10 5 104
607 4 3 2694
608 1 5 991242
608 15 4 746503
608 10 3 40
608 10 5 220
609 1 5 1132225
609 15 4 949454
609 10 5 60
609 8 2 60
610 1 5 1088484
610 15 4 813640
610 8 2 345
610 4 3 313
611 1 5 787209
611 15 4 881480
611 9 2 52
611 10 5 160
611 8 2 605
612 15 4 882076
612 4 3 2645
612 10 5 120
612 1 5 1085005
612 8 2 148
612 10 2 40
613 1 5 996672
613 15 4 708021
613 8 2 149
614 1 5 845376
614 15 4 988662
614 10 5 40
614 8 2 1746
615 1 5 361280
615 15 4 881774
615 10 5 44
615 8 2 4025
615 3 5 430
616 15 4 745920
616 10 3 40
616 3 5 466
616 1 5 553728
616 8 2 4041
616 10 2 80
617 1 5 1043376
617 4 3 2630
617 10 3 40
617 3 5 1800
617 15 4 949494
617 8 2 4050
618 1 5 1078368
618 15 4 813970
618 10 5 100
618 8 2 34980
618 3 5 92
619 15 4 881520
619 10 5 84
619 3 5 21242
619 1 5 1008624
619 8 2 576052
619 10 2 40
620 1 5 1087032
620 15 4 813680
620 10 5 40
620 8 2 2193208
620 3 5 17593
621 15 4 949641
621 9 2 135
621 10 5 124
621 3 5 54230
621 1 5 1031616
621 8 2 3172604
622 1 5 954708
622 15 4 745907
622 8 2 4177604
622 4 3 2610
622 3 5 66914
623 15 4 3227552
623 10 5 80
623 10 3 44
623 3 5 84130
623 1 5 1015596
623 8 2 3937656
624 1 5 913620
624 15 4 1134167
624 10 5 40
624 8 2 3600052
624 3 5 69140
625 1 5 576132
625 15 4 1806004
625 10 5 80
625 8 2 4155104
625 3 5 137570
626 1 5 816480
626 15 4 1216398
626 10 5 80
626 3 5 17612
626 8 2 3967552
627 15 4 1084880
627 4 3 2660
627 10 5 80
627 3 5 65742
627 1 5 472560
627 8 2 3660624
627 10 2 40
628 1 5 1159344
628 15 4 1085344
628 10 5 80
628 8 2 4156756
628 3 5 42648
629 1 5 1193124
629 15 4 966626
629 8 2 4093452
629 3 5 24716
630 1 5 1048752
630 15 4 1274740
630 8 2 3645052
630 3 5 113050
631 1 5 1015548
631 15 4 1172954
631 3 5 112764
631 2 3 52
631 8 2 4027500
632 1 5 1130592
632 15 4 1017080
632 3 5 219478
632 4 3 2690
632 8 2 4050208
633 1 5 1167036
633 15 4 1153093
633 10 2 40
633 8 2 3903104
633 3 5 293722
634 1 5 919140
634 15 4 1084974
634 10 5 84
634 8 2 3769500
634 3 5 273320
635 15 4 2536645
635 1 5 377364
635 10 5 40
635 8 2 3982708
635 3 5 342452
636 15 4 1733038
636 1 5 486506
636 10 5 80
636 8 2 4117604
636 3 5 270766
637 15 4 1112845
637 4 3 2713
637 10 5 120
637 3 5 226734
637 1 5 515248
637 8 2 3622552
637 10 2 40
638 15 4 1489054
638 1 5 1102524
638 8 2 4206328
638 10 6 60
638 3 5 166234
639 1 5 1199028
639 15 4 1275833
639 10 5 172
639 8 2 3871640
639 3 5 60
640 15 4 1188695
640 10 5 40
640 3 5 114280
640 1 5 887725
640 8 2 3637656
640 10 2 40
641 15 4 5003339
641 10 5 80
641 3 5 126726
641 1 5 1175700
641 8 2 4208280
641 10 6 60
642 1 5 1095992
642 4 3 2553
642 10 5 80
642 3 5 48260
642 15 4 3244466
642 8 2 3945884
642 10 2 80
643 15 4 1695611
643 10 5 80
643 3 5 56972
643 1 5 1064747
643 8 2 3699372
643 10 2 40
644 1 5 1182932
644 15 4 1831586
644 8 2 4232132
644 3 5 151398
645 15 4 1832720
645 10 6 52
645 3 5 84200
645 1 5 926832
645 8 2 3954372
645 2 3 183
646 1 5 1065923
646 15 4 1744259
646 8 2 3699112
646 3 5 79910
647 15 4 1561018
647 4 3 2559
647 3 5 135508
647 1 5 1049252
647 8 2 4242884
647 10 6 60
647 10 2 40
648 15 4 1695836
648 10 5 120
648 3 5 192378
648 1 5 1085292
648 8 2 4055340
648 10 6 52
649 1 5 1091340
649 15 4 1223734
649 10 5 160
649 3 5 81796
649 8 2 3661560
650 1 5 870428
650 15 4 1625617
650 10 5 80
650 8 2 4172184
650 3 5 141944
651 15 4 1561247
651 1 5 942804
651 10 5 88
651 8 2 4044788
651 3 5 64302
652 15 4 1562916
652 10 3 40
652 4 3 2484
652 10 5 40
652 3 5 69730
652 1 5 1001124
652 8 2 3676872
653 15 4 1534595
653 10 5 40
653 10 3 44
653 3 5 55736
653 1 5 934284
653 8 2 4164580
654 1 5 1066704
654 15 4 1552775
654 10 2 40
654 8 2 4043756
654 3 5 70022
655 15 4 1624275
655 1 5 1019904
655 8 2 3692028
655 3 5 1224
656 15 4 1516082
656 1 5 922668
656 8 2 4150768
656 3 5 40708
657 15 4 1568837
657 4 3 2377
657 10 5 40
657 3 5 35664
657 1 5 832020
657 8 2 4103104
657 10 2 80
658 1 5 998124
658 15 4 1739882
658 8 2 3859188
658 3 5 34404
659 1 5 915552
659 15 4 1492361
659 10 5 40
659 8 2 3994100
659 3 5 114202
660 1 5 1063848
660 15 4 1380510
660 10 5 120
660 8 2 4166860
660 3 5 88558
661 15 4 1182192
661 10 3 40
661 10 5 80
661 3 5 121212
661 1 5 981960
661 8 2 3772352
661 10 2 40
662 15 4 1153772
662 10 3 40
662 4 3 2331
662 10 5 80
662 3 5 111406
662 1 5 847164
662 8 2 3977712
663 1 5 969132
663 15 4 1153770
663 10 5 40
663 8 2 4248788
663 3 5 108542
664 1 5 1017288
664 15 4 1153254
664 3 5 155306
664 8 2 3917288
665 1 5 915216
665 15 4 1087764
665 10 5 128
665 8 2 3729684
665 3 5 131802
666 1 5 928524
666 15 4 1289186
666 10 5 44
666 8 2 4262808
666 3 5 35750
667 15 4 1085534
667 4 3 2512
667 10 5 40
667 3 5 69458
667 1 5 1108716
667 8 2 4022756
667 10 2 40
668 1 5 1213404
668 15 4 1066576
668 10 2 40
668 8 2 3700048
669 15 4 950423
669 10 5 40
669 3 5 30756
669 1 5 1171962
669 8 2 4165880
669 10 2 40
670 1 5 1042537
670 15 4 881800
670 3 5 78562
670 8 2 4059432
671 1 5 810384
671 15 4 815350
671 10 5 40
671 3 5 135608
671 8 2 3694412
672 15 4 881920
672 4 3 2679
672 10 5 100
672 3 5 121094
672 1 5 995460
672 8 2 4150540
672 10 2 80
673 1 5 1037568
673 15 4 814888
673 10 5 44
673 3 5 129012
673 8 2 4062624
674 1 5 1043568
674 15 4 950200
674 8 2 3685464
674 3 5 137108
675 15 4 746160
675 10 5 104
675 3 5 205538
675 1 5 1171392
675 8 2 4158588
675 10 2 40
676 15 4 949600
676 10 5 40
676 3 5 47928
676 1 5 1092936
676 8 2 4052556
676 10 2 40
677 1 5 949776
677 15 4 882518
677 8 2 3758608
677 4 3 2580
677 3 5 53080
678 1 5 1105860
678 15 4 814480
678 8 2 4095172
678 3 5 92
679 1 5 1056492
679 15 4 881920
679 10 5 120
679 8 2 4201108
679 3 5 29346
680 1 5 1236588
680 15 4 881960
680 8 2 3670628
680 3 5 51542
681 1 5 1201884
681 15 4 814120
681 8 2 4020588
681 3 5 21532
682 15 4 949880
682 10 3 60
682 4 3 2381
682 10 5 40
682 3 5 82642
682 1 5 1190220
682 8 2 4217728
683 1 5 1091388
683 15 4 746240
683 10 5 160
683 3 5 129552
683 8 2 3867260
684 15 4 949720
684 10 5 168
684 3 5 122894
684 1 5 1177200
684 8 2 3850932
684 10 2 80
685 1 5 1225116
685 15 4 814214
685 10 3 60
685 8 2 4173900
685 3 5 100884
686 15 4 814294
686 10 5 40
686 3 5 96980
686 1 5 1126236
686 8 2 4029456
686 10 2 40
687 15 4 881800
687 4 3 2499
687 10 5 40
687 3 5 34648
687 1 5 1149516
687 8 2 3777720
687 10 2 40
688 1 5 1166700
688 15 4 818363
688 10 5 44
688 8 2 4196452
688 3 5 123944
689 15 4 877758
689 10 5 80
689 10 3 60
689 3 5 135934
689 1 5 1121976
689 8 2 4007452
690 1 5 907812
690 15 4 950249
690 10 2 80
690 8 2 3694828
690 3 5 118216
691 1 5 1072560
691 15 4 417059
691 8 2 4238456
691 3 5 49660
692 15 4 476330
692 10 3 60
692 4 3 2769
692 10 5 40
692 3 5 41142
692 1 5 1095840
692 8 2 3995188
692 10 2 80
693 15 4 473470
693 1 5 996576
693 10 5 80
693 8 2 3714172
693 3 5 19818
694 15 4 474880
694 10 5 80
694 3 5 45648
694 1 5 1216452
694 8 2 4183620
694 10 2 40
695 15 4 542720
695 10 5 40
695 10 3 60
695 3 5 28726
695 1 5 1185816
695 8 2 4006108
695 10 2 80
696 1 5 1158228
696 15 4 406920
696 10 5 40
696 8 2 3748360
696 3 5 96928
697 15 4 543064
697 10 5 40
697 4 3 2435
697 10 3 140
697 3 5 62778
697 1 5 1276032
697 8 2 4158588
697 10 2 40
698 15 4 339160
698 10 3 60
698 10 5 120
698 3 5 151872
698 1 5 925092
698 8 2 4059796
698 10 2 40
699 15 4 542760
699 1 5 976296
699 10 5 80
699 8 2 3678900
699 3 5 205016
700 15 4 474840
700 10 3 60
700 10 5 44
700 3 5 92864
700 1 5 1200528
700 8 2 23869
700 10 2 40
701 1 5 1183008
701 15 4 474880
701 10 5 120
701 3 5 112584
702 1 5 1159680
702 15 4 474920
702 3 5 88660
702 4 3 2604
703 1 5 1146468
703 15 4 474880
703 10 5 84
703 10 2 100
703 3 5 71254
704 1 5 1160844
704 15 4 474920
704 10 5 160
704 3 5 116698
704 8 2 52
705 1 5 1146612
705 15 4 542640
705 10 5 120
705 3 5 114582
706 1 5 1083568
706 15 4 407250
706 10 5 80
706 10 2 60
706 3 5 123814
707 15 4 542640
707 4 3 2475
707 10 5 40
707 3 5 114982
707 1 5 1122292
707 8 2 80
707 10 2 40
708 1 5 893340
708 15 4 473830
708 3 5 135670
709 1 5 820692
709 15 4 474800
709 10 5 40
709 3 5 136582
710 1 5 956112
710 15 4 463200
710 10 5 40
710 3 5 98698
711 1 5 1181234
711 15 4 474760
711 10 5 80
711 3 5 182782
712 6 2 3319
712 15 4 474800
712 4 3 2457
712 10 5 40
712 3 5 181090
712 1 5 1222164
713 1 5 1223616
713 6 2 259
713 10 5 120
713 15 4 474880
713 3 5 62760
714 1 5 1220616
714 15 4 406960
714 6 2 220500
714 10 2 80
714 3 5 22556
715 1 5 806268
715 15 4 542854
715 10 5 80
715 6 2 622500
715 3 5 24018
716 6 2 2832104
716 15 4 406920
716 10 5 60
716 3 5 34346
716 1 5 978324
716 10 2 40
717 6 2 1130041
717 15 4 542720
717 10 5 164
717 4 3 2526
717 10 3 44
717 3 5 48630
717 1 5 1140612
717 10 2 80
718 1 5 1206048
718 15 4 475054
718 3 5 61478
718 0 1 5554
719 15 4 474840
719 10 5 164
719 10 3 40
719 3 5 101384
719 1 5 1188576
719 0 1 323
720 6 2 657
720 15 4 474880
720 10 5 84
720 3 5 69774
720 1 5 1163844
720 0 1 3463457
721 6 2 148
721 15 4 474840
721 10 5 40
721 3 5 68120
721 1 5 1142064
721 0 1 12076794
722 6 2 149
722 15 4 474920
722 4 3 2648
722 10 5 100
722 3 5 127966
722 1 5 1216356
722 0 1 30685472
723 6 2 149
723 15 4 517514
723 3 5 179446
723 1 5 1180104
723 0 1 29644342
723 10 2 40
724 6 2 3529
724 15 4 346285
724 10 5 60
724 3 5 67454
724 1 5 1057848
724 0 1 29187284
725 6 2 3869
725 15 4 2024778
725 10 5 104
725 3 5 139670
725 1 5 1021452
725 0 1 16350764
726 6 2 4050
726 15 4 2954844
726 3 5 60060
726 1 5 1074572
726 0 1 26946484
726 10 2 40
727 6 2 4050
727 15 4 813640
727 4 3 2531
727 10 5 100
727 3 5 7136
727 1 5 797000
727 0 1 5258734
728 6 2 370212
728 15 4 881400
728 10 5 40
728 3 5 19728
728 1 5 863431
728 0 1 28086586
729 6 2 3136552
729 15 4 881480
729 10 5 40
729 3 5 1232
729 1 5 1164063
729 0 1 28442104
729 10 2 40
730 6 2 3958708
730 15 4 881560
730 10 5 40
730 3 5 24316
730 1 5 1140933
730 0 1 29888984
731 6 2 4260208
731 15 4 875912
731 10 5 40
731 3 5 32890
731 1 5 1239639
731 0 1 29646668
732 6 2 4177604
732 15 4 542440
732 10 5 40
732 4 3 2540
732 10 3 60
732 3 5 1396
732 1 5 1235280
732 0 1 24860180
733 6 2 4275156
733 15 4 813720
733 10 5 40
733 10 3 40
733 1 5 1079287
733 0 1 15097998
733 10 2 40
734 6 2 4200104
734 15 4 542440
734 10 5 40
734 10 3 40
734 1 5 1091592
734 0 1 24849698
734 10 2 40
735 6 2 4260156
735 15 4 745840
735 10 5 40
735 10 3 100
735 3 5 60
735 1 5 1140708
735 0 1 17430642
736 6 2 4200364
736 15 4 610200
736 10 3 44
736 10 5 40
736 1 5 1191672
736 0 1 25394618
737 6 2 4281380
737 15 4 678040
737 4 3 2523
737 10 5 80
737 1 5 1114428
737 0 1 25736182
738 1 5 1072512
738 6 2 4051328
738 15 4 746134
738 0 1 25884954
739 6 2 4252656
739 15 4 610240
739 10 5 40
739 3 5 120
739 1 5 628596
739 0 1 25676134
739 10 2 40
740 1 5 957660
740 6 2 3907708
740 15 4 678214
740 0 1 24166884
741 6 2 4147656
741 1 5 1220808
741 15 4 365708
741 0 1 25109782
742 6 2 4252604
742 15 4 271240
742 4 3 2403
742 10 5 160
742 1 5 1258512
742 0 1 25496820
743 6 2 4072760
743 15 4 406800
743 10 5 40
743 1 5 1258416
743 0 1 28006756
743 10 6 60
744 6 2 2958104
744 15 4 203440
744 10 5 80
744 10 3 44
744 1 5 1139304
744 0 1 27618482
745 6 2 3681000
745 15 4 406840
745 10 5 40
745 3 5 456
745 1 5 1162584
745 0 1 24958864
746 6 2 4030500
746 15 4 271200
746 10 5 120
746 3 5 92
746 1 5 1083792
746 0 1 24415038
746 10 6 60
747 6 2 4240500
747 15 4 339040
747 4 3 2669
747 10 5 40
747 3 5 92
747 1 5 855348
747 0 1 26696816
748 6 2 4320520
748 15 4 271240
748 10 5 40
748 3 5 184
748 1 5 897504
748 0 1 26049358
749 1 5 1140948
749 6 2 4320624
749 10 5 44
749 15 4 406840
749 0 1 27795268
750 1 5 1054944
750 15 4 1047141
750 10 5 44
750 6 2 4320988
750 0 1 14482704
751 6 2 3250092
751 15 4 345854
751 10 5 40
751 10 3 40
751 1 5 1018356
751 0 1 25351178
752 6 2 4201500
752 15 4 401093
752 4 3 2696
752 10 5 84
752 1 5 1127496
752 0 1 26230872
753 1 5 1197192
753 6 2 4256956
753 15 4 390816
753 10 5 128
753 0 1 28530434
754 6 2 4321768
754 15 4 321015
754 10 5 40
754 1 5 1227972
754 0 1 27568634
754 10 2 44
755 1 5 945900
755 6 2 3508568
755 15 4 317769
755 0 1 23804198
756 6 2 3369000
756 15 4 355924
756 10 5 40
756 1 5 1001172
756 0 1 26436614
756 10 2 40
757 6 2 2790000
757 15 4 334783
757 4 3 2507
757 10 5 40
757 1 5 1111476
757 0 1 29372748
757 10 2 40
758 6 2 3490500
758 1 5 1083744
758 10 5 124
758 15 4 354554
758 0 1 29031934
759 6 2 3766500
759 15 4 291870
759 10 3 44
759 10 5 44
759 1 5 905052
759 0 1 31299534
760 6 2 3811500
760 15 4 271240
760 10 3 44
760 10 5 40
760 1 5 1033164
760 0 1 31975266
761 1 5 1072464
761 6 2 3831000
761 15 4 271200
761 0 1 29811334
762 15 4 339080
762 1 5 1065204
762 6 2 3826500
762 0 1 31367048
762 4 3 2616
763 1 5 896436
763 6 2 3835500
763 15 4 203440
763 0 1 27046528
764 1 5 974270
764 15 4 339080
764 6 2 3847500
764 0 1 25163338
765 1 5 943221
765 6 2 3901500
765 15 4 203400
765 0 1 18016708
765 3 5 396
766 6 2 4005000
766 15 4 1382103
766 10 5 40
766 3 5 838
766 1 5 1002672
766 0 1 28312370
766 10 2 40
767 6 2 4170000
767 15 4 783427
767 10 3 60
767 4 3 2615
767 10 5 120
767 3 5 92
767 1 5 942456
767 0 1 30995352
767 10 2 40
768 6 2 3518176
768 15 4 542440
768 10 5 120
768 3 5 184
768 1 5 1069320
768 0 1 32939874
769 1 5 1148112
769 6 2 4132872
769 10 5 40
769 15 4 475700
769 0 1 31242288
770 6 2 4238444
770 15 4 474720
770 10 5 44
770 10 3 60
770 1 5 1038972
770 0 1 28876968
770 10 2 80
771 1 5 1062444
771 6 2 4326008
771 10 5 40
771 15 4 309782
771 0 1 28573234
772 6 2 4328564
772 15 4 271240
772 4 3 2649
772 10 5 40
772 1 5 860964
772 0 1 31577658
773 1 5 1130544
773 6 2 4331116
773 15 4 271240
773 10 2 40
773 0 1 31604440
774 1 5 1011336
774 15 4 271240
774 10 5 40
774 6 2 4322340
774 0 1 27863418
775 6 2 4322184
775 15 4 271200
775 10 5 100
775 1 5 791508
775 0 1 30762616
775 10 2 40
776 1 5 1021596
776 15 4 339040
776 10 5 160
776 0 1 33124036
776 6 2 4322548
777 6 2 4329996
777 15 4 203480
777 4 3 2648
777 1 5 968940
777 0 1 32613422
777 10 2 40
778 6 2 4322860
778 15 4 339000
778 10 5 100
778 1 5 976200
778 0 1 31154292
778 10 2 40
779 1 5 1152372
779 6 2 4120204
779 15 4 203400
779 0 1 28640536
780 1 5 1062396
780 6 2 4044944
780 15 4 339000
780 10 2 40
780 0 1 6029346
781 6 2 3930780
781 1 5 592488
781 15 4 271240
781 10 2 40
781 0 1 30680358
782 1 5 1036068
782 6 2 4278432
782 15 4 271240
782 0 1 30169624
782 4 3 2629
783 6 2 4170424
783 1 5 1065396
783 10 5 100
783 15 4 269750
783 0 1 29458180
784 1 5 1051944
784 6 2 4335188
784 15 4 271200
784 0 1 30853532
785 6 2 4324032
785 15 4 271240
785 10 5 84
785 1 5 1056636
785 0 1 33328882
785 10 2 120
785 3 3 336
786 6 2 4309308
786 15 4 271240
786 10 5 40
786 1 5 977844
786 0 1 30565408
786 3 3 152
787 6 2 4322704
787 15 4 271200
787 4 3 2625
787 10 3 40
787 1 5 992460
787 0 1 24574234
787 3 3 92
788 6 2 4324672
788 15 4 339000
788 10 5 84
788 1 5 855876
788 0 1 28301660
788 10 2 40
788 3 3 184
789 6 2 4323068
789 15 4 203440
789 10 5 40
789 12 4 7709
789 1 5 1142352
789 0 1 25959262
789 3 3 934
790 1 5 1114668
790 15 4 339040
790 6 2 4146640
790 0 1 26908458
790 3 3 246
791 6 2 4247132
791 15 4 203440
791 10 5 120
791 12 4 7310
791 1 5 1107815
791 0 1 26387604
792 6 2 3981016
792 15 4 339040
792 4 3 2630
792 1 5 971352
792 0 1 27286638
792 10 2 40
793 1 5 1025904
793 6 2 4224944
793 10 5 40
793 15 4 203440
793 0 1 28145366
794 6 2 4076236
794 1 5 1056588
794 10 5 84
794 15 4 339000
794 0 1 26692670
795 6 2 4232600
795 1 5 1114572
795 15 4 271280
795 10 5 40
795 0 1 26237118
796 6 2 4285516
796 1 5 1260012
796 15 4 271200
796 10 5 160
796 0 1 26379366
797 6 2 4322444
797 15 4 271280
797 4 3 2409
797 10 5 80
797 1 5 1150872
797 0 1 26693370
798 6 2 4330256
798 15 4 271280
798 10 3 60
798 1 5 1047684
798 0 1 28999524
798 5 8 2071
799 6 2 4323120
799 15 4 271200
799 10 5 120
799 1 5 1117380
799 0 1 24596754
799 10 2 40
800 6 2 4327148
800 15 4 280200
800 10 5 40
800 1 5 1027404
800 0 1 27561936
800 10 2 80
801 1 5 1232136
801 6 2 4240684
801 10 3 100
801 15 4 203480
801 0 1 30754000
802 6 2 4132160
802 1 5 1334064
802 15 4 271200
802 0 1 30556098
802 4 3 2513
803 6 2 4189204
803 15 4 203400
803 10 5 80
803 1 5 1257012
803 0 1 31942312
803 10 2 40
804 6 2 4150828
804 15 4 271240
804 10 5 40
804 1 5 1139448
804 0 1 30844396
804 10 2 40
804 4 8 52
805 6 2 4324212
805 15 4 203480
805 10 5 40
805 1 5 1028760
805 0 1 29639226
805 4 8 156
806 1 5 1204788
806 6 2 547810
806 15 4 271200
806 0 1 30887488
806 4 8 52
807 15 4 203400
807 4 3 2950
807 10 5 160
807 1 5 1124640
807 0 1 28329340
807 10 2 40
808 1 5 1126140
808 15 4 271200
808 10 5 40
808 0 1 26073720
808 4 8 52
809 1 5 964680
809 15 4 203480
809 10 5 40
809 0 1 29835804
810 1 5 973008
810 15 4 271240
810 10 5 124
810 0 1 30020562
810 6 2 220
811 1 5 1247040
811 15 4 203400
811 10 2 40
811 0 1 27484476
811 4 8 52
812 1 5 1191480
812 15 4 271200
812 0 1 28312654
812 4 3 2637
813 15 4 203400
813 10 5 40
813 1 5 1211760
813 0 1 31360206
813 10 2 40
813 5 8 58
814 1 5 1078241
814 15 4 271280
814 12 4 6772
814 0 1 27515346
815 1 5 1020091
815 15 4 203400
815 11 2 3319
815 10 2 80
815 0 1 26238400
816 1 5 1072664
816 15 4 271200
816 11 2 259
816 0 1 27412050
817 15 4 203400
817 4 3 2751
817 10 5 40
817 1 5 886802
817 0 1 30264258
817 11 2 45000
818 15 4 271240
818 10 5 80
818 1 5 760630
818 0 1 32076343
818 11 2 537000
818 4 8 52
819 1 5 1107312
819 15 4 203440
819 10 5 80
819 11 2 2065604
819 0 1 27937390
820 1 5 1242396
820 15 4 271200
820 10 5 84
820 11 2 2157541
820 0 1 33305968
821 1 5 1177008
821 15 4 203400
821 10 5 84
821 12 4 8025
821 0 1 29417682
822 1 5 846788
822 15 4 271200
822 0 1 28519718
822 4 3 2434
823 1 5 406595
823 15 4 203440
823 11 2 52
823 0 1 26610698
824 15 4 271240
824 10 3 84
824 10 5 40
824 1 5 990912
824 0 1 27242864
824 11 2 605
825 1 5 1132092
825 15 4 203480
825 10 5 40
825 11 2 148
825 0 1 30634864
826 1 5 1152516
826 15 4 203400
826 10 3 40
826 11 2 149
826 0 1 30282298
827 15 4 271280
827 4 3 2345
827 10 5 120
827 1 5 996576
827 0 1 29497480
827 11 2 1585
827 10 2 100
828 1 5 975428
828 15 4 203440
828 11 2 4025
828 10 2 60
828 0 1 26006216
829 1 5 1022952
829 15 4 271240
829 10 5 40
829 11 2 4040
829 0 1 28900298
830 15 4 203400
830 10 3 80
830 1 5 956448
830 0 1 29440588
830 11 2 4212
830 10 2 60
831 15 4 271200
831 10 5 40
831 1 5 791940
831 0 1 5223514
831 11 2 34980
831 10 2 60
832 15 4 203440
832 4 3 2606
832 10 5 80
832 1 5 481464
832 0 1 26104648
832 11 2 880500
832 4 8 52
833 1 5 1058040
833 15 4 271240
833 11 2 3126104
833 0 1 27035424
834 1 5 944832
834 15 4 203400
834 10 5 80
834 11 2 4105708
834 0 1 26428150
835 1 5 1117476
835 15 4 271200
835 11 2 3825104
835 0 1 26353594
836 15 4 203440
836 10 3 44
836 10 5 200
836 1 5 1232376
836 0 1 27718820
836 11 2 3705052
836 10 2 40
837 15 4 271280
837 4 3 2468
837 10 5 84
837 1 5 1184172
837 0 1 26046070
837 11 2 4020260
837 10 2 40
838 1 5 1213212
838 15 4 203400
838 10 5 40
838 11 2 3517604
838 0 1 28125022
839 15 4 271200
839 10 5 100
839 1 5 937968
839 0 1 30928364
839 10 6 40
839 11 2 4057604
840 1 5 1182768
840 15 4 203400
840 10 5 40
840 11 2 3811604
840 0 1 29809896
841 15 4 271240
841 10 5 40
841 1 5 1175652
841 0 1 29161330
841 11 2 3793656
841 10 2 80
842 15 4 203440
842 4 3 2472
842 10 5 60
842 1 5 863136
842 0 1 30770668
842 11 2 4000760
843 15 4 271200
843 10 5 40
843 1 5 619500
843 0 1 26406840
843 11 2 3529552
843 10 2 140
844 15 4 203400
844 10 3 40
844 10 5 40
844 1 5 1033116
844 0 1 26038314
844 11 2 4027604
845 15 4 271240
845 10 5 140
845 1 5 1009836
845 0 1 24788340
845 11 2 3727656
845 10 2 40
846 1 5 1030260
846 15 4 203440
846 11 2 3952708
846 10 2 60
846 0 1 12108530
847 15 4 271240
847 4 3 2571
847 10 5 40
847 1 5 1123236
847 0 1 27961532
847 11 2 3690364
848 1 5 1017096
848 15 4 203400
848 10 5 180
848 11 2 3788280
848 0 1 28007864
849 1 5 1056348
849 11 2 4087092
849 15 4 271200
849 10 5 80
849 0 1 25609216
850 15 4 203480
850 10 5 40
850 1 5 944640
850 0 1 26767632
850 11 2 3480580
850 10 2 40
851 15 4 271240
851 10 3 40
851 10 5 40
851 1 5 1066656
851 0 1 29775200
851 11 2 4097636
851 10 2 40
852 15 4 203400
852 4 3 2430
852 10 3 40
852 12 4 135
852 1 5 1241378
852 0 1 29772836
852 11 2 3910040
853 1 5 1237992
853 15 4 271200
853 11 2 3792436
853 0 1 29684258
854 15 4 203400
854 10 5 120
854 1 5 1188672
854 0 1 32569396
854 11 2 3994516
854 10 2 40
855 15 4 271280
855 10 3 60
855 1 5 1078080
855 0 1 30786086
855 11 2 3580932
855 10 2 40
856 15 4 203440
856 10 5 40
856 10 3 44
856 1 5 1083936
856 0 1 29850856
856 11 2 4121192
857 15 4 271200
857 4 3 2320
857 10 5 40
857 1 5 991056
857 0 1 29993012
857 11 2 3746244
858 15 4 203400
858 10 5 40
858 10 3 60
858 1 5 1127592
858 0 1 26288778
858 11 2 4022860
859 1 5 1081224
859 15 4 271280
859 10 3 44
859 11 2 3772680
859 0 1 26273778
860 15 4 203440
860 10 3 44
860 1 5 997836
860 0 1 29022382
860 11 2 3795536
860 4 8 52
861 15 4 271200
861 10 5 80
861 1 5 234559
861 0 1 5798428
861 11 2 4128544
861 10 2 40
862 15 4 203400
862 4 3 2574
862 10 5 120
862 1 5 107162
862 0 1 29533568
862 11 2 3649004
863 1 5 1073874
863 15 4 271200
863 10 5 40
863 11 2 4115608
863 0 1 27305332
864 1 5 1117620
864 15 4 203440
864 10 5 44
864 11 2 3765456
864 0 1 26290064
865 1 5 1144420
865 15 4 271240
865 11 2 3810008
865 0 1 26614806
866 1 5 1206240
866 15 4 203400
866 10 5 40
866 11 2 4133564
866 0 1 27449268
867 1 5 1143468
867 15 4 271200
867 11 2 3484108
867 0 1 26709292
867 4 3 2637
868 15 4 203400
868 10 3 44
868 10 5 40
868 1 5 1224972
868 0 1 5306146
868 11 2 4215300
869 15 4 271280
869 10 3 40
869 1 5 1230876
869 0 1 28229758
869 11 2 3839020
869 10 2 40
870 1 5 1025712
870 15 4 203400
870 10 5 44
870 11 2 3794972
870 0 1 25950884
871 1 5 1065156
871 15 4 271280
871 10 3 40
871 11 2 4025148
871 0 1 25672116
872 15 4 203400
872 4 3 2544
872 10 3 44
872 1 5 1201788
872 0 1 26650352
872 11 2 3544420
873 15 4 95860
873 10 5 100
873 1 5 1206144
873 0 1 26004894
873 11 2 4170076
873 10 2 40
874 10 3 40
874 10 5 40
874 1 5 1310832
874 0 1 27226486
874 11 2 3893868
874 10 2 80
875 1 5 1095552
875 10 5 84
875 11 2 3839036
875 0 1 27300630
875 3 5 760
876 10 5 60
876 3 5 16600
876 1 5 1172892
876 0 1 24614866
876 11 2 3898316
876 10 2 40
877 4 3 2549
877 10 5 40
877 3 5 1576
877 1 5 1059108
877 0 1 26484622
877 11 2 3682056
878 1 5 1123332
878 10 5 120
878 11 2 4099212
878 0 1 15246896
878 3 5 1820
879 10 5 80
879 3 5 67210
879 1 5 1278840
879 0 1 20320500
879 11 2 3743816
879 10 2 80
880 10 3 40
880 10 5 40
880 3 5 57020
880 1 5 1236636
880 0 1 20350446
880 11 2 4052304
880 10 2 40
881 1 5 988152
881 10 5 40
881 11 2 3864484
881 0 1 21044908
881 3 5 87084
882 4 3 2559
882 10 5 80
882 3 5 24310
882 1 5 737976
882 0 1 21293032
882 11 2 3718524
882 10 2 80
883 1 5 998316
883 10 5 80
883 11 2 4082192
883 10 2 120
883 0 1 21767890
884 1 5 1023000
884 10 3 40
884 11 2 3485556
884 0 1 22047386
885 1 5 1143660
885 11 2 4280296
885 0 1 23628820
885 3 5 304
886 1 5 1063560
886 10 5 120
886 11 2 3797912
886 0 1 23088366
886 3 5 2208
887 4 3 2579
887 10 5 120
887 3 5 25974
887 1 5 1092600
887 0 1 24127920
887 11 2 3830140
887 10 2 120
888 1 5 1197288
888 11 2 4030108
888 0 1 23895482
888 3 5 61640
889 1 5 1037616
889 10 3 40
889 11 2 3541256
889 3 5 31254
889 0 1 25233070
890 1 5 1120476
890 11 2 4253824
890 10 5 40
890 0 1 25468360
891 1 5 1073916
891 10 5 52
891 11 2 3686400
891 0 1 25204550
891 3 5 17182
892 1 5 1069512
892 11 2 3951328
892 0 1 26171378
892 4 3 2676
892 3 5 61550
893 1 5 1169892
893 11 2 3913672
893 0 1 26462646
893 3 5 5720
894 1 5 949968
894 10 5 96
894 11 2 3652828
894 0 1 26183500
894 3 5 3878
895 10 3 40
895 10 5 100
895 3 5 10070
895 1 5 826500
895 0 1 26493960
895 11 2 4091608
896 1 5 954756
896 11 2 3709412
896 10 2 40
896 0 1 24620300
896 3 5 1430
897 1 5 996672
897 10 5 120
897 11 2 4089536
897 0 1 24576700
897 4 3 2437
898 1 5 1069512
898 10 5 40
898 11 2 3842608
898 0 1 5871060
898 3 5 5720
899 1 5 1139112
899 11 2 3725556
899 0 1 26143624
899 3 5 8542
900 1 5 284100
900 11 2 1081352
900 0 1 5698430
